pop,individual,indi_count_per_pop_trait,val_mean,val_sd,d_type
1,2,4,12.1875,1.5375386174012,train
1,3,5,14.52,0.757891812859857,train
1,4,6,11.64,0.871504446345514,train
1,5,6,12.4316666666667,0.880304871431862,eval
1,6,6,12.7416666666667,1.02861881504601,eval
1,7,6,11.55,1.20153235495346,eval
1,8,6,11.9616666666667,1.84640641968844,eval
1,9,4,13.0,1.06867519231367,eval
1,10,6,14.775,1.73381371548388,train
1,11,6,12.9783333333333,0.663608820516022,eval
1,12,6,12.34,0.758841221863968,train
1,13,5,12.544,0.923542094330302,eval
1,14,6,14.4133333333333,1.98856397097671,train
1,15,6,12.5116666666667,0.979008001329236,train
1,16,4,10.98,1.48285760161476,train
1,17,4,11.5725,0.42944731923718,train
1,20,5,13.274,2.05825897301579,eval
1,22,4,14.5725,1.34127737623506,train
1,23,5,13.4,1.36917858586818,train
1,24,5,13.604,0.733096173772582,eval
1,29,5,13.234,0.614800780741209,train
1,30,4,11.2125,1.45289079653863,train
1,32,7,14.0228571428571,0.815346844104076,train
1,33,4,11.8875,1.21076766282113,eval
1,34,4,13.705,0.557404700374871,train
1,36,5,13.61,1.36577816646775,train
1,37,5,12.792,1.17795161190942,train
1,38,5,13.85,0.986813052203911,train
1,39,4,12.9525,0.42460766204423,train
1,40,4,12.7725,0.88965817405713,eval
1,41,6,13.4683333333333,0.684993917247932,train
1,43,6,13.0966666666667,0.668181612038723,train
1,44,5,12.584,1.38178507735465,train
1,45,5,12.152,0.892787768733421,train
1,47,6,13.3183333333333,1.85369271096012,train
1,48,5,14.198,2.26858325833547,train
1,49,5,11.71,1.31038162380278,train
1,51,5,12.67,1.06501173702453,eval
1,52,5,12.696,1.89589820401835,train
1,53,6,12.535,1.03397775604701,train
1,54,7,12.6414285714286,1.28441203891675,train
1,55,5,12.714,0.900349931970898,train
1,56,5,14.852,1.39431703711889,train
1,57,6,13.8783333333333,0.716865863789501,eval
1,59,4,13.2075,0.270477971992791,train
1,60,7,14.16,0.833346666560002,eval
1,61,6,13.27,1.92898937270271,eval
1,62,5,13.2,1.79146588022212,train
1,63,7,14.6414285714286,1.21659947629213,train
1,65,5,12.332,1.2459012801984,eval
1,66,4,12.7425,1.39236908421103,train
1,67,7,13.1928571428571,1.22385612288529,train
1,68,6,15.1533333333333,0.678164188575795,train
1,69,6,11.7516666666667,0.408970251566867,train
1,70,6,12.9733333333333,0.651725913760276,eval
1,71,5,12.296,1.00540041774409,eval
1,72,4,13.9875,1.05727243414363,eval
1,73,5,11.988,1.22789250343831,eval
1,74,5,11.288,0.855114027484054,eval
1,75,5,12.04,0.554256258422041,train
1,76,6,14.6333333333333,1.70481279519678,train
1,78,6,14.0233333333333,0.963299884079027,train
1,79,5,11.532,0.582468883289056,eval
1,80,7,13.65,0.684446248193872,train
1,81,6,12.835,1.65338138371036,train
1,82,5,13.602,1.05079493717852,train
1,83,6,13.9066666666667,1.87160537151042,train
1,85,4,13.5775,0.606320872146094,train
1,86,5,13.768,0.968978843938298,train
1,87,6,13.2483333333333,2.07585564687593,eval
1,88,5,11.864,1.66393509488802,eval
1,89,6,13.175,0.871269189171751,eval
1,91,5,13.536,2.58082932407395,eval
1,93,4,13.84,1.64780662295873,eval
1,94,4,13.055,0.52035244466291,train
1,96,5,13.908,1.32322333715817,eval
1,98,4,14.315,1.94704048922118,train
1,100,4,14.4,1.47234506824997,train
1,101,4,13.52,1.87387299462904,train
1,102,4,12.8775,0.749105021564623,train
1,103,4,12.4475,1.52053444551579,train
1,104,6,13.28,1.16206712370672,train
1,105,4,13.1875,1.29458809407986,eval
1,106,4,12.595,2.11197380034255,train
1,107,6,13.265,0.991095353636571,eval
1,108,4,13.6325,0.425470327990096,train
1,109,6,12.41,0.701940168390441,eval
1,110,5,12.626,0.91426473190209,eval
1,111,4,12.435,1.34326716131478,train
1,114,6,14.1683333333333,0.699926186584462,train
1,115,6,12.9266666666667,2.00207558964857,eval
1,116,6,12.865,0.737041382827315,train
1,117,4,11.3,0.729383301152419,train
1,118,4,11.7375,1.80590466710363,train
1,119,6,14.2316666666667,1.23047009986698,train
1,120,6,12.2966666666667,1.00322812294446,eval
1,121,6,14.01,0.394258798253127,train
1,122,6,13.7466666666667,1.82588791185732,eval
1,123,4,12.06,1.19624412224261,train
1,126,5,12.03,1.78054766855594,train
1,127,5,13.622,0.809919749110985,eval
1,128,6,13.4533333333333,1.46601045926237,train
1,129,5,13.928,1.50263768087986,train
1,130,5,13.612,0.904251071329197,train
1,131,6,13.3783333333333,1.85020449320249,train
1,132,4,13.74,0.307571129984594,train
1,133,6,13.8383333333333,1.26480696814441,train
1,134,6,15.4583333333333,0.777931016650363,train
1,135,5,13.092,0.723650468112886,train
1,136,4,11.6525,1.63249042876214,train
1,137,5,12.808,0.899733293815451,train
1,138,4,12.34,1.11913657194583,eval
1,139,4,11.675,0.70240064540593,train
1,140,6,14.275,1.1637310685893,train
1,141,4,11.805,1.171594355284,eval
1,144,7,13.28,1.17109635242651,train
1,145,6,12.2,1.18591736642989,train
1,146,4,11.3025,0.898902108129689,eval
1,147,4,13.2475,0.716397236175573,eval
1,148,4,11.6175,0.290330271702189,train
1,149,7,11.5671428571429,1.19935697057096,train
1,150,4,12.6675,0.898011692574212,train
1,151,4,11.65,1.0491583928718,train
1,152,7,13.4142857142857,1.25002476165951,train
1,153,5,11.4,1.38940634804941,train
1,154,6,11.3933333333333,0.82761504739019,train
1,156,6,12.6466666666667,1.26094673427019,train
1,157,4,12.25,0.574166061925178,train
1,158,5,15.494,1.40275799766032,train
1,159,6,13.73,1.6669613072894,train
1,160,6,11.05,0.753923072998831,train
1,161,5,12.782,0.702367425212759,train
1,162,5,11.252,1.0471246344156,train
1,164,4,12.5825,0.337181948903951,train
1,165,4,10.525,0.691881492742796,train
1,166,6,12.0233333333333,0.76122707956737,train
1,167,4,13.21,0.688912185985994,eval
1,168,4,12.745,0.533197899470731,train
1,169,5,14.414,1.55891949760082,train
1,170,5,11.546,0.586071667972442,train
1,171,5,13.736,0.955656842177148,train
1,172,4,14.05,1.41239748890554,eval
1,173,5,12.856,0.977154030846723,train
1,174,6,13.255,1.18048718756283,train
1,175,4,12.6425,1.23704958132917,eval
1,176,6,12.2133333333333,0.794397045983094,eval
1,177,5,13.498,1.67657985196053,eval
1,180,5,13.362,3.14404516506999,train
1,181,6,14.7416666666667,1.17073338837955,train
1,182,4,12.81,0.408656334834051,train
1,183,5,12.086,0.752814718240817,eval
1,184,6,14.1833333333333,1.65247289438183,train
1,186,5,11.95,2.09762961458881,train
1,187,7,10.5142857142857,0.840274898329056,train
1,189,6,14.255,0.732959753328926,train
1,191,4,14.4175,1.34413230995563,train
1,193,5,12.246,1.01576572102035,train
1,194,7,11.7528571428571,0.728164685715951,eval
1,195,5,13.91,1.42914309990288,train
1,197,4,14.645,1.26064798152908,train
1,198,4,13.2475,1.82412307698795,train
1,199,4,12.7525,0.978276545768117,eval
2,1,6,13.1466666666667,2.04046726674717,test
2,2,4,12.785,2.44832595869096,test
2,3,6,12.5683333333333,1.57281170731485,test
2,4,4,12.8975,0.838783841840873,test
2,6,4,14.1325,1.26434106685393,test
2,7,5,14.046,2.09205162460203,test
2,8,6,12.43,1.7372852385259,test
2,10,5,12.682,0.711948031811311,test
2,11,4,13.67,1.89659343736782,test
2,12,4,13.29,1.94466792366546,test
2,13,6,12.5216666666667,2.2767996544858,test
2,14,5,14.188,1.37487090303053,test
2,15,4,13.755,2.97062844080732,test
2,16,5,15.132,2.4821804930343,test
2,17,5,14.272,2.57320228509148,test
2,18,6,12.3266666666667,0.949477049046825,test
2,19,6,14.0533333333333,2.28014619414341,test
2,20,7,11.4557142857143,0.960119040238538,test
2,21,5,12.244,1.47072431135138,test
2,23,4,13.4325,1.34974997684756,test
2,25,4,13.2325,3.29016083700073,test
2,28,6,12.7416666666667,1.19955686262331,test
2,29,4,11.465,1.82896145394046,test
2,31,4,11.8625,2.38141939467481,test
2,32,5,13.482,0.470233984309939,test
2,33,4,14.9225,2.33251473735966,test
2,36,4,12.8925,0.878915050881862,test
2,40,6,11.1416666666667,1.14641033956724,test
2,41,4,13.0975,0.908785820018483,test
2,42,6,11.2566666666667,0.991759379419558,test
2,43,4,13.375,1.69336942218761,test
2,44,4,13.0025,1.63899105142971,test
2,45,5,13.44,1.34539956890137,test
2,46,4,11.0525,1.7138139727909,test
2,47,4,13.75,1.72385227518679,test
2,48,5,10.582,1.88824521712621,test
2,50,5,13.3,1.18598060692408,test
2,53,4,13.385,1.00682669809655,test
2,55,4,11.8725,2.99042221099296,test
2,56,4,13.2725,2.17533713862166,test
2,57,6,10.495,1.4570895648518,test
2,58,5,13.078,1.57507777585743,test
2,59,5,13.348,1.44293797510496,test
2,61,6,15.225,1.70981577955053,test
2,62,6,14.68,3.15127910537927,test
2,63,4,12.58,1.65622059722329,test
2,64,5,11.482,1.26228760589653,test
2,65,5,14.442,0.981335824272201,test
2,66,5,15.544,2.30739680159265,test
2,68,4,12.3175,0.303795435559303,test
2,69,4,13.71,0.54571054598569,test
2,71,4,14.805,1.27740622617344,test
2,72,6,13.115,1.62693269682553,test
2,73,5,12.764,1.60875106837571,test
2,74,4,12.635,2.50317798008851,test
2,75,4,13.565,1.55195575538308,test
2,77,5,15.344,2.57365110300522,test
2,78,4,11.8675,1.2200375677276,test
2,79,4,13.7225,1.29381541702568,test
2,80,5,14.258,1.51865730169779,test
2,81,4,14.855,1.12657297440808,test
2,82,5,12.564,2.45151585758689,test
2,83,6,12.785,0.580129295933243,test
2,84,4,12.0075,1.10548254923661,test
2,85,6,12.9566666666667,0.783777179220386,test
2,87,5,12.666,1.06666770833283,test
2,90,5,12.626,1.78792617297247,test
2,91,4,13.8725,1.89331059258644,test
2,92,4,13.825,0.685006082698054,test
2,95,6,11.27,2.00230866751358,test
2,97,4,15.0725,0.608515954323851,test
2,98,5,13.514,1.39740115929535,test
2,99,5,10.136,1.45814265420088,test
2,101,5,12.822,1.72147320629744,test
2,102,6,13.0733333333333,1.82574550983062,test
2,104,7,10.8428571428571,1.85133928356127,test
2,105,5,14.008,1.57897751725602,test
2,109,6,14.5333333333333,1.78917485637002,test
2,110,4,11.695,1.66622327435431,test
2,113,4,11.4675,0.894701998805561,test
2,114,5,13.678,1.69519025480918,test
2,116,6,13.0616666666667,0.980804091889235,test
2,117,5,11.93,1.76151923066426,test
2,120,4,14.95,0.368329562574967,test
2,121,4,11.6575,1.58407438798393,test
2,122,5,13.546,1.21586594655825,test
2,124,5,14.432,2.57259013447537,test
2,125,6,11.2816666666667,1.36019728961157,test
2,126,4,16.1725,1.91313660428801,test
2,127,5,13.344,1.0002649648968,test
2,128,4,15.1,0.997162641364654,test
2,130,4,12.985,1.98138840210596,test
2,131,4,13.2325,3.0189885171472,test
2,132,5,15.156,1.68516468037993,test
2,133,4,11.8575,0.451912602169932,test
2,134,6,13.9233333333333,1.5226511966523,test
2,135,5,13.432,1.96522772217369,test
2,136,6,12.7166666666667,2.189225129279,test
2,137,4,13.1275,2.80328824775477,test
2,138,4,11.015,2.41873934106179,test
2,139,4,14.3625,0.580595958190089,test
2,140,5,12.03,1.49266540122025,test
2,141,5,12.858,1.63935048113575,test
2,142,4,11.75,1.40145162837205,test
2,143,6,13.2266666666667,0.742338646890128,test
2,144,5,16.388,0.65990150780249,test
2,146,4,14.5575,0.872596699512438,test
2,149,5,11.76,1.17722130459825,test
2,150,4,12.3575,2.35022516651774,test
2,152,4,12.88,0.960937042682818,test
2,153,4,13.3325,2.75192508376712,test
2,154,6,10.9866666666667,0.87367423372025,test
2,155,4,11.5525,0.550234798366419,test
2,157,6,12.7633333333333,1.68308843102989,test
2,159,4,12.8475,1.51880161092005,test
2,160,5,12.532,1.79225277235104,test
2,161,4,15.3825,1.02960753040499,test
2,162,5,12.09,1.72986993730743,test
2,164,5,13.464,2.69524210415317,test
2,165,4,13.89,3.33305665518405,test
2,166,5,12.77,1.47059511763095,test
2,168,4,14.0075,2.79120493694032,test
2,169,5,10.69,1.18465184759067,test
2,170,7,15.6585714285714,1.23423969270463,test
2,171,4,13.2,1.76452070923901,test
2,172,5,11.866,1.78939375208477,test
2,173,5,11.368,1.06222408182078,test
2,176,5,12.052,3.50571248107999,test
2,178,5,13.626,1.27270577903929,test
2,179,5,15.554,2.25129518277813,test
2,180,4,12.085,0.690627733780412,test
2,181,7,14.1871428571429,2.2531142468867,test
2,182,5,13.708,1.24501807215799,test
2,183,7,12.0214285714286,2.4827970018471,test
2,184,4,15.07,2.13995327051784,test
2,185,5,12.84,1.48200877190386,test
2,186,5,11.79,1.97173781218498,test
2,188,5,13.264,1.88472279128789,test
2,189,4,13.3975,1.81588132872168,test
2,190,6,13.1966666666667,2.57696462270375,test
2,191,5,14.246,1.43430470960671,test
2,192,5,13.81,1.77613344093286,test
2,194,6,11.6666666666667,2.00463130442151,test
2,195,6,13.9083333333333,1.65550495821265,test
2,197,4,11.6225,3.18136632072867,test
2,198,6,11.45,1.34928129016896,test
2,199,6,12.4633333333333,0.998311908506889,test
2,200,5,13.114,2.65770201489934,test
3,3,4,15.24,0.728605974904589,eval
3,4,4,14.1,0.246170672501824,train
3,7,4,15.045,1.3746393466409,train
3,8,4,14.3975,1.88646715670677,train
3,9,5,13.758,0.574647718171751,train
3,10,6,16.345,1.1422390292754,eval
3,11,6,13.225,0.845972812801924,eval
3,12,4,13.84,1.52348285188905,train
3,13,4,12.7875,1.81536727229873,eval
3,14,4,13.9975,1.50269480157039,train
3,17,6,14.355,1.05318089614273,train
3,18,4,15.2775,0.215928228816892,eval
3,20,6,13.855,1.60602303843998,eval
3,21,4,12.79,0.706871039629342,train
3,22,4,13.82,0.888406813721432,eval
3,23,4,14.745,0.608194047981399,train
3,27,4,14.82,0.403236903073119,train
3,29,5,15.028,0.720673296300064,eval
3,31,4,13.8575,0.734773207640743,eval
3,34,4,14.5525,0.714906753826445,train
3,36,4,14.2175,1.03946701086021,train
3,38,6,12.7816666666667,1.78804269151121,train
3,40,6,13.1083333333333,0.497088188017646,eval
3,42,4,15.01,1.14376571027462,train
3,43,5,14.792,1.7310314844046,train
3,44,4,14.4875,1.97950119979757,eval
3,47,4,12.5575,0.938664831911086,train
3,49,4,14.1675,1.58354823103056,train
3,50,4,13.775,0.71747241526533,train
3,52,4,13.6975,1.27324716113303,eval
3,58,5,13.88,1.6133350550955,eval
3,61,4,15.86,0.62230753383409,train
3,67,5,14.304,1.94548965558802,eval
3,68,6,15.0283333333333,1.1804645978032,train
3,69,4,15.0475,0.908529030906553,train
3,70,4,12.4775,1.30093235796486,train
3,71,5,14.808,2.427749987128,train
3,73,4,15.385,0.433781819197931,eval
3,75,4,16.1825,0.782618468135442,train
3,78,5,14.474,1.27539405675266,eval
3,79,4,14.565,0.950000000000001,train
3,81,5,13.344,0.964536157953656,train
3,85,4,14.23,1.51738810680283,eval
3,92,4,15.4325,1.15923466131754,eval
3,93,4,14.9125,1.81635853655971,train
3,94,4,15.46,1.43473574802702,eval
3,97,6,15.2616666666667,1.214206187872,eval
3,103,4,13.67,1.33028818932841,train
3,105,6,13.8716666666667,1.06550301110164,eval
3,106,4,15.0475,1.73697773925479,eval
3,107,5,14.0,1.61568870764142,eval
3,111,5,14.864,1.70238949714805,eval
3,112,6,16.3866666666667,1.21203410293055,train
3,114,5,14.816,1.30618911341352,train
3,115,4,15.3925,1.93420741735041,train
3,117,4,14.4375,1.13067457740943,train
3,119,5,15.928,1.54881244829708,eval
3,121,5,15.824,1.84155640695581,train
3,122,6,12.7083333333333,1.33014911444795,train
3,123,4,15.2175,2.24864959475682,eval
3,124,4,15.91,1.90789587416784,train
3,130,4,15.305,0.978723658649366,train
3,131,6,12.8466666666667,0.669258295926667,train
3,132,5,14.19,1.12543324990867,eval
3,133,5,12.468,0.938600021308331,train
3,134,5,14.05,1.66887686783657,train
3,138,4,15.575,1.46927419723708,eval
3,139,4,16.735,1.36685771022444,train
3,140,4,15.5,1.0698286467156,train
3,142,6,14.585,1.56608748159226,train
3,143,4,15.19,0.608769250208977,train
3,145,5,16.782,1.14077605164204,eval
3,146,4,14.71,1.99821587088749,train
3,147,5,14.93,1.15993534302564,train
3,148,5,15.316,1.67589677486413,eval
3,149,4,14.945,0.255669056920595,train
3,151,4,14.76,1.18036717451252,train
3,153,4,15.14,0.98254770876533,train
3,154,5,12.886,1.6431311572726,train
3,155,4,15.2725,1.07967201809932,train
3,156,4,14.8325,1.18350820304156,eval
3,160,6,14.1266666666667,1.3452831176621,train
3,164,6,14.0466666666667,0.778348679363347,train
3,166,6,13.6316666666667,1.29495044950248,train
3,168,4,16.3875,1.38653945730609,train
3,171,4,14.245,1.4090303994828,train
3,172,4,15.8225,1.69035252733466,eval
3,173,5,11.884,0.752382881251295,train
3,175,4,14.6725,1.68456473111998,train
3,176,5,14.424,3.0427175353621,eval
3,177,6,15.2466666666667,1.48450216121994,eval
3,179,4,13.9075,1.46242663633656,train
3,180,4,12.5775,1.05110655977403,train
3,181,4,15.2225,0.939481239833984,train
3,182,7,14.7628571428571,1.05250042416008,eval
3,183,4,13.3175,0.858152084423268,train
3,185,5,14.3,1.52941165158371,train
3,186,4,16.415,1.23235546819901,train
3,187,4,15.5475,0.756014770578811,train
3,188,4,14.015,1.43463119534836,eval
3,189,4,14.92,1.05984275563249,train
3,190,4,14.6675,1.48542642586789,train
3,194,6,13.7816666666667,1.02229969513185,train
3,195,4,13.98,1.07669246615116,eval
3,196,4,15.3475,1.06893638725604,eval
3,198,4,14.805,0.972093959793325,train
3,200,4,15.47,0.977309231171656,eval
4,1,5,13.474,0.938285670784756,eval
4,2,6,13.44,1.51815677714787,train
4,3,6,13.19,0.890438094423189,train
4,4,4,13.245,0.745229271208979,train
4,5,6,14.5516666666667,1.76602850109127,train
4,6,5,14.646,0.704968084383967,eval
4,8,6,14.4866666666667,1.39370967804154,train
4,9,6,14.0883333333333,0.498293755396018,train
4,10,4,12.685,0.560624651616391,eval
4,11,4,15.3725,1.43746014437503,train
4,13,4,14.645,0.612671744628938,train
4,14,5,14.332,0.488947849979934,train
4,15,5,14.128,0.833168650394385,train
4,16,6,13.5333333333333,1.18838826427505,train
4,17,5,14.81,0.663438015190567,eval
4,18,4,12.7125,0.841996634989317,eval
4,19,5,13.736,1.9347557985441,train
4,21,5,12.464,0.858154997654853,eval
4,22,5,13.74,1.34158488363577,eval
4,23,5,13.202,1.25859842682247,train
4,24,5,14.148,0.491294209206663,train
4,25,5,14.408,0.76489868610163,eval
4,26,5,12.522,0.898648985978396,train
4,27,5,12.916,0.701234625499911,train
4,28,5,13.238,1.19623158293033,train
4,29,5,14.862,0.64604179431365,eval
4,30,5,13.858,1.32596002956349,train
4,31,6,13.7516666666667,0.789567392099412,eval
4,32,4,15.7875,0.561983095831183,train
4,33,5,14.428,0.583840731706859,train
4,34,5,14.278,1.72582444066597,train
4,35,4,14.2775,0.952203584674342,eval
4,36,5,12.824,0.309483440590931,train
4,37,5,12.862,1.12067836599088,eval
4,39,5,13.656,0.920749694542442,train
4,40,6,12.8716666666667,2.05665180977886,eval
4,42,4,16.07,1.15360305131358,train
4,43,5,13.67,1.57621381798283,eval
4,44,5,15.266,0.563542367528831,train
4,45,5,12.572,1.37937304598865,train
4,46,5,13.88,0.859214757787598,eval
4,47,5,13.554,1.10012726536524,train
4,48,4,13.525,0.581119609030705,train
4,49,6,14.6283333333333,1.54100508327087,eval
4,50,5,13.828,0.666798320333817,train
4,51,5,14.038,1.22414051481029,train
4,52,6,14.865,1.37556897318891,train
4,53,5,13.65,0.662985671036713,train
4,54,6,14.63,0.94394915117288,train
4,56,6,12.2716666666667,0.932703954460721,train
4,57,5,12.808,0.970680173898694,train
4,58,5,12.968,1.25716745105813,eval
4,59,4,14.0425,1.22804383743687,train
4,60,5,13.276,0.895170374844923,train
4,61,5,14.926,0.950804922158063,train
4,62,6,14.61,1.03782464800177,train
4,63,5,14.832,1.61863213856639,train
4,64,4,13.395,0.92110440957219,eval
4,65,4,13.7375,0.319830684373258,train
4,67,4,15.3775,0.86991857856545,eval
4,68,5,12.13,0.903410205831216,train
4,69,6,14.5783333333333,1.31013612524297,train
4,70,5,12.208,0.771440211552393,train
4,71,5,13.412,1.1397455856462,train
4,72,4,15.7725,1.46525026303814,train
4,73,6,15.0233333333333,1.62782881982924,train
4,74,6,14.0183333333333,1.42763323954952,eval
4,75,6,14.0716666666667,0.998346967074407,train
4,76,6,14.6933333333333,0.640707941785231,train
4,77,5,14.592,0.410024389518477,eval
4,78,4,15.2375,1.7413859422885,train
4,79,6,13.9833333333333,0.924676520014792,eval
4,80,4,13.7125,0.587785391675114,train
4,81,5,13.512,0.540620014427879,train
4,82,4,14.0075,1.69930132701649,eval
4,83,4,14.26,1.65736739037145,eval
4,84,5,12.688,0.79838587161848,train
4,85,5,15.136,1.04648459138202,train
4,86,6,14.5683333333333,1.50754657197271,eval
4,87,6,15.0183333333333,1.42346642625201,train
4,88,4,13.635,1.15269250019248,train
4,89,5,14.554,1.13983770774615,eval
4,90,5,15.726,1.95894869764371,train
4,91,6,13.4466666666667,2.09704236167672,eval
4,92,4,14.43,2.25850983320123,train
4,93,6,14.4716666666667,1.406889002966,eval
4,94,6,15.7533333333333,1.1140317170829,train
4,95,5,13.276,0.713743651460383,train
4,96,5,13.802,1.43927759657406,train
4,97,6,13.2516666666667,0.743328101625834,train
4,98,5,14.066,0.979683622400619,train
4,99,5,13.382,0.953268063033688,train
4,100,6,13.3633333333333,1.41814902836996,train
4,101,4,14.8375,1.1643131022195,train
4,102,6,12.5833333333333,1.64396674743337,eval
4,103,5,13.254,1.15625689187135,train
4,104,6,13.12,1.34005970016265,train
4,105,6,13.5633333333333,1.34089025153689,eval
4,108,5,13.852,1.30941590031586,eval
4,109,4,15.2575,0.959735206537025,train
4,110,4,16.06,0.586344608570762,train
4,111,4,14.3825,2.24961292966886,eval
4,112,5,13.096,0.454400704224806,train
4,113,6,14.6283333333333,1.17016950339114,eval
4,115,6,14.8283333333333,1.85726052740768,eval
4,116,6,13.95,0.766341960224024,train
4,117,6,14.6883333333333,1.24021637897049,train
4,118,6,13.245,1.15071716768283,eval
4,120,5,11.55,0.947470316157715,train
4,121,4,14.035,0.853912563829966,train
4,122,4,14.26,1.02472760608206,train
4,123,6,13.4316666666667,1.66365160615637,train
4,124,5,14.998,0.825784475514041,train
4,125,5,15.152,0.664018072043223,train
4,126,6,12.7966666666667,1.65336827920057,train
4,127,4,15.31,1.5014437496401,train
4,128,6,14.3483333333333,1.23627531992945,eval
4,129,5,12.59,1.57050947147733,train
4,130,4,12.465,0.993059246302388,eval
4,131,6,15.045,1.17450840780303,train
4,132,5,13.026,0.933879007152426,eval
4,133,6,11.19,1.54560020703932,eval
4,135,5,13.344,1.06690205736047,train
4,136,4,13.035,3.27548978525859,train
4,137,5,15.608,1.46593656070104,train
4,138,5,12.996,1.71400991829102,eval
4,140,4,12.335,0.337589494307312,train
4,142,6,13.6083333333333,0.992500209907618,eval
4,143,4,14.915,0.969725046942001,train
4,144,6,11.8783333333333,2.14832415307064,eval
4,145,4,14.9625,0.837431589245753,train
4,146,6,14.1416666666667,1.40073433122297,eval
4,147,5,13.788,3.00259387863227,train
4,148,4,13.235,2.06708329133911,eval
4,149,5,14.886,1.68559485049047,eval
4,150,4,12.635,0.959044663541102,train
4,151,4,16.095,1.10334340378083,eval
4,152,5,13.834,0.77461603391616,train
4,153,4,13.9375,0.679577074363166,train
4,155,6,14.32,1.61641578809414,train
4,156,5,14.926,0.632321120950423,eval
4,157,4,14.1575,1.1396015385505,train
4,158,5,13.618,0.572118868767672,train
4,159,4,14.355,0.650973629778248,train
4,160,5,15.03,0.924418736287836,eval
4,161,6,14.8916666666667,1.93483246475416,eval
4,162,6,14.3383333333333,1.37389106797689,eval
4,163,6,14.21,0.625267942565425,train
4,164,4,14.8125,1.6436823496852,eval
4,165,5,14.438,0.759552499831316,train
4,167,4,13.1975,1.75513294843059,train
4,170,4,12.435,0.703254339955799,train
4,171,4,12.12,0.933630904944061,eval
4,172,5,15.012,0.820438906927262,train
4,173,4,14.7275,1.2374806395792,eval
4,174,5,14.602,0.727062583276021,eval
4,175,5,12.612,0.760802208198688,train
4,176,5,13.674,0.784780224011793,eval
4,177,6,16.4633333333333,0.928303111417098,eval
4,178,6,13.33,1.22751782064457,train
4,179,5,14.306,0.373403267259407,train
4,180,5,12.524,0.831161837429992,eval
4,181,5,13.972,0.401957709218271,train
4,182,6,13.9116666666667,0.866196667429901,eval
4,184,5,13.162,1.75679253186027,train
4,186,4,12.535,1.04494018967594,train
4,187,5,13.344,0.37613827244778,eval
4,188,6,14.9083333333333,1.06460164693967,train
4,189,6,12.2266666666667,1.26954585055707,train
4,190,4,14.11,0.99179971096319,train
4,191,5,12.646,1.10793952903577,train
4,192,4,13.69,1.11451035586635,eval
4,193,5,13.136,1.13495814900815,train
4,195,5,13.858,0.947058604311264,train
4,197,5,13.596,0.704790749087983,train
4,198,6,14.2566666666667,1.04687471393031,train
4,199,5,15.008,0.84839259779892,train
4,200,5,13.794,0.495812464546829,eval
5,4,5,14.164,0.85412528355037,train
5,5,6,12.3866666666667,1.1700712229034,train
5,8,4,13.1025,0.940899392425495,eval
5,9,6,12.565,0.977992842509597,train
5,10,5,13.306,1.11562986693616,eval
5,12,4,13.04,1.28962526856965,train
5,13,5,12.2,1.37045612844775,eval
5,14,5,15.34,1.54358349304467,train
5,16,4,13.36,1.00153215957685,train
5,19,4,12.9175,0.599631831487733,train
5,20,6,14.3416666666667,1.52732991415302,train
5,22,6,13.5733333333333,1.24564307354341,train
5,29,6,15.3083333333333,0.824146022660224,train
5,32,4,14.13,1.55916644396934,eval
5,39,6,14.8183333333333,2.43113485160052,train
5,43,4,14.17,1.13375482358401,eval
5,45,4,14.145,1.18921542763846,train
5,46,4,14.1775,1.58249539230503,train
5,47,5,11.8,0.219203102167829,train
5,48,4,13.9425,2.20189880179207,train
5,50,5,13.822,0.948272112845252,train
5,54,4,13.36,1.29658525879841,eval
5,55,6,13.19,1.84202062963475,eval
5,56,5,14.734,1.33339041544478,eval
5,57,6,12.8216666666667,2.51929685957544,train
5,60,4,15.1225,1.35998468128628,train
5,63,6,14.1833333333333,0.63054473803741,eval
5,66,4,13.8975,1.61619666707572,train
5,69,6,12.2716666666667,1.76944529914509,train
5,73,4,14.1625,0.738709460252586,eval
5,74,5,13.814,0.821297753558355,train
5,76,4,13.18,1.44676650961146,train
5,77,4,13.2875,0.620826062597246,eval
5,79,5,12.086,0.939882971438466,train
5,80,4,11.9375,2.1147320555254,train
5,81,5,11.574,1.48804569822301,train
5,82,4,11.335,1.49225779720976,train
5,83,5,12.272,2.37786038278113,train
5,84,5,13.166,0.432122667769235,train
5,85,4,13.535,0.835882766899761,train
5,88,5,13.094,1.24624636408697,train
5,90,5,13.504,1.38460463671042,train
5,92,4,12.2475,0.976229993392951,train
5,94,5,13.852,0.976688281899604,train
5,95,6,12.085,0.766492009090767,train
5,96,5,14.442,1.77397012376195,train
5,97,4,12.81,0.851391018666903,eval
5,99,6,13.0366666666667,0.901724274191765,eval
5,100,4,11.9325,0.503413349048275,train
5,102,5,13.068,0.737034598916496,eval
5,105,4,13.9075,1.17033827018801,eval
5,107,5,14.112,2.54847405323264,train
5,108,4,14.28,0.91181138400439,train
5,109,7,12.3428571428571,0.833940731021781,eval
5,111,6,14.04,0.863365507765975,eval
5,112,6,14.1266666666667,0.84540325683467,train
5,113,4,14.1375,1.9751518928933,train
5,114,5,12.66,1.20095795097081,train
5,115,4,11.1975,0.931428114957527,train
5,116,6,13.2966666666667,0.983781818629857,train
5,119,5,13.076,1.03326182548278,train
5,121,6,12.7316666666667,0.598110915020506,train
5,123,5,13.85,1.47426252750316,train
5,127,5,12.02,0.579956894949961,eval
5,128,4,13.025,1.67563918152646,train
5,130,4,13.49,0.494031038161234,train
5,133,7,12.74,1.57997890281273,train
5,134,7,12.55,0.808022276920631,train
5,136,6,14.1383333333333,1.34887236856074,eval
5,137,4,14.2275,1.34656043310354,eval
5,139,6,12.5733333333333,1.08759673899229,eval
5,142,4,12.2125,1.29066843147262,eval
5,143,5,13.652,0.930252653852705,train
5,144,6,12.3316666666667,1.32357722353728,eval
5,146,4,13.215,0.941116358374457,train
5,147,7,12.3571428571429,1.08464609106249,train
5,148,5,14.282,0.737000678425739,train
5,149,4,12.2325,1.08062867504677,train
5,150,5,13.21,1.19879105769104,train
5,154,4,12.6,0.788331571527278,train
5,155,6,12.6933333333333,0.737418922096977,eval
5,156,7,12.81,1.03124520200904,train
5,157,4,13.525,1.84465895673609,train
5,159,4,12.36,0.684348838921593,train
5,161,5,11.282,1.09030729613261,eval
5,162,4,10.9375,1.26502635018669,train
5,163,4,13.1275,1.16245071580118,train
5,165,4,12.6,1.88099264574143,train
5,166,5,14.716,1.64267464824901,train
5,168,4,15.635,1.30021793045115,train
5,169,4,13.0275,0.98486462690734,eval
5,170,4,14.8675,1.79135656231062,eval
5,171,5,12.882,2.78649780190116,eval
5,172,7,11.9528571428571,0.83969665724622,eval
5,174,5,12.314,1.59547171707931,train
5,176,5,13.762,1.92137190569655,eval
5,178,4,12.975,0.201411684533611,train
5,179,5,12.944,1.24512248393481,train
5,180,5,12.3,1.38904643550891,train
5,181,4,11.6275,1.91729627340169,eval
5,183,5,14.652,1.37266893313719,train
5,184,4,13.96,3.08337477449628,eval
5,185,4,14.335,0.633429817212083,eval
5,186,5,12.388,0.965929604060254,train
5,193,4,11.8225,1.14523287297097,train
5,198,5,11.432,0.994746198786404,eval
5,199,4,11.4125,1.03879337053462,train
6,1,6,12.225,0.756881760911174,train
6,3,4,13.7125,0.924278998282806,train
6,5,4,11.2425,1.31484789994889,train
6,7,6,11.9983333333333,1.38747852836239,eval
6,8,4,13.04,1.03932670513174,eval
6,9,6,12.885,1.45593612497252,eval
6,10,4,14.405,1.82301033092703,eval
6,11,6,12.6283333333333,1.67584506045955,train
6,12,4,13.535,1.74349266320988,train
6,13,4,13.4225,0.749460917371057,eval
6,14,5,13.634,2.0931865659802,train
6,15,5,14.666,0.555139622077185,train
6,16,4,15.4875,1.20328370165421,train
6,20,6,14.095,2.2386134101269,eval
6,23,4,11.5025,1.2820393909705,train
6,24,4,14.09,1.50632001911944,train
6,25,5,13.434,1.34453709506283,eval
6,26,6,14.3133333333333,1.22602881967214,eval
6,28,4,14.75,1.36830795753977,train
6,31,5,12.586,0.917213170424411,train
6,33,5,11.422,1.88110871562491,train
6,34,5,10.686,1.59525233113762,eval
6,36,4,12.9025,1.04901143940378,eval
6,38,4,13.665,0.723993554299116,train
6,41,4,13.135,0.72413166390282,eval
6,42,5,11.688,1.64262594646499,train
6,43,5,12.906,1.79284132036274,train
6,44,4,11.4125,1.4522253039158,train
6,46,6,12.9516666666667,1.1074911587307,train
6,49,6,13.7266666666667,0.780785928834957,train
6,50,4,11.6775,0.887294577165142,train
6,51,4,14.725,1.28253654918681,train
6,52,5,13.516,1.84834520585306,train
6,54,6,13.73,1.50561615294204,eval
6,56,5,12.68,1.94382355166306,eval
6,58,6,13.2233333333333,0.920188386509342,eval
6,59,6,12.7966666666667,0.746556539497624,eval
6,60,5,15.298,0.998408733936158,train
6,61,5,12.866,1.21459046595962,train
6,62,5,15.424,1.98028533297603,train
6,63,4,13.235,0.422255846614348,train
6,65,5,13.898,0.76750895760245,eval
6,68,5,12.092,0.972815501521229,train
6,69,4,11.3725,0.595671889549943,train
6,70,4,12.5275,0.933072880326076,eval
6,71,4,13.27,0.966298780571172,train
6,72,5,12.698,1.78299467189333,train
6,73,6,11.8166666666667,1.75968936652657,eval
6,74,5,11.776,1.23787317605642,train
6,76,4,13.93,1.58031642401134,eval
6,77,4,13.595,1.63475788217501,train
6,78,6,14.0266666666667,1.92293178939521,train
6,79,5,12.95,1.4675830470539,train
6,80,6,12.77,1.74290561993471,eval
6,81,6,13.8633333333333,1.38219631987163,eval
6,82,4,14.7525,0.817980236110058,train
6,83,5,12.792,1.4624363234001,train
6,84,4,11.245,2.36340855545545,train
6,85,6,13.3466666666667,2.37575812461342,train
6,87,6,14.72,1.64353278032414,eval
6,89,5,12.052,1.53914586703145,eval
6,90,4,13.235,0.518619963621404,train
6,91,6,12.045,1.6214530520493,train
6,92,6,12.4133333333333,0.688931539898317,eval
6,93,4,13.425,1.98673098329895,eval
6,94,4,14.665,1.92118886803632,eval
6,96,4,13.99,2.08766216934957,eval
6,98,4,12.995,1.43421290841586,train
6,100,4,14.165,0.264512129526544,train
6,102,5,14.052,1.64565184653377,eval
6,103,5,12.712,1.06595966152571,eval
6,104,4,11.465,1.12274960105389,eval
6,106,4,12.9325,1.30831634808507,train
6,107,4,10.975,1.26133527131634,eval
6,108,4,14.2825,1.86917762665831,train
6,111,5,13.018,1.76809784797109,train
6,113,6,13.1016666666667,1.89763449237904,eval
6,114,6,12.5083333333333,1.36364829287711,train
6,115,4,12.84,0.809979423606962,train
6,117,6,12.6466666666667,0.6888734765301,train
6,119,5,14.588,1.28828180147047,train
6,120,4,12.09,1.09954536059228,eval
6,121,6,14.945,2.24950438986013,eval
6,122,5,12.168,1.04690973822961,train
6,123,4,13.5375,1.50736801522831,train
6,124,6,12.8466666666667,2.71519919465712,train
6,125,5,13.192,1.8698983929615,train
6,126,6,13.7033333333333,0.914279315453799,train
6,128,4,14.025,1.30961826499175,train
6,129,5,12.964,1.54868654026565,eval
6,133,4,12.9125,0.973357591021923,eval
6,134,4,13.575,1.85395972627958,eval
6,135,5,13.894,1.48933877945886,train
6,137,5,12.06,1.43600139275699,eval
6,138,4,12.0075,1.53041116479635,train
6,139,5,13.808,1.17148196742417,train
6,141,4,13.155,1.48720095033142,eval
6,142,4,10.885,1.64451613957824,train
6,143,5,14.266,1.60850240907498,train
6,144,4,13.08,0.512900250211156,train
6,145,5,14.128,2.34472173189059,train
6,146,5,10.68,1.4337538142931,train
6,147,4,13.31,1.24549856148719,train
6,148,5,14.32,0.94847245611035,eval
6,149,5,14.158,1.37101057618094,train
6,150,4,13.7675,0.703722246344395,train
6,151,6,13.5066666666667,0.502341185517041,eval
6,153,4,14.4875,2.06840316830802,train
6,154,4,13.6475,1.56058482627507,train
6,156,4,12.82,1.11868970973486,eval
6,157,5,13.464,1.35193564935614,train
6,158,4,13.285,1.28593675323996,eval
6,160,5,13.524,1.13398853609726,eval
6,161,5,16.068,1.91850723219903,eval
6,163,5,14.73,0.680036763712081,eval
6,164,4,15.05,2.07613422815899,train
6,165,4,14.1,1.17217746096741,train
6,166,4,13.3425,1.15566359003532,train
6,167,4,12.5275,0.446570263228531,eval
6,168,6,14.2833333333333,1.22894534730665,train
6,169,5,13.048,0.273441035691427,eval
6,170,4,16.31,1.17935010351747,eval
6,171,5,12.414,1.07802133559591,eval
6,173,4,14.3025,0.699922614770138,eval
6,175,4,13.2075,0.564763962495248,train
6,176,4,14.485,0.453835506176706,train
6,177,4,12.9775,1.2631541209739,train
6,178,6,14.5883333333333,0.467992165176584,train
6,180,4,12.525,0.533072853057315,train
6,181,4,15.205,1.74004789206121,eval
6,182,5,14.138,1.79988055159224,train
6,183,6,14.2333333333333,1.42536545021502,train
6,185,6,14.3583333333333,0.644435153189727,eval
6,186,5,13.234,2.15916187443184,eval
6,188,5,14.97,2.17103661876072,train
6,190,5,12.818,1.31359049935663,train
6,192,6,13.0783333333333,0.530487197457834,train
6,194,5,14.052,1.72231530214418,eval
6,195,4,13.325,1.28022133503026,train
6,197,6,13.53,1.86603322585639,train
6,198,5,14.462,2.02846493684264,train
6,199,5,13.078,1.44078797885046,eval
6,200,5,14.084,2.5971195582799,eval
7,1,4,14.665,1.52075639074771,train
7,2,4,14.3375,1.62428189261183,train
7,4,4,13.425,0.70078527381788,train
7,5,5,14.498,2.2754933530995,eval
7,7,5,13.584,1.94072924438212,eval
7,8,5,13.948,1.64756486973958,eval
7,9,5,13.59,0.967729300992793,train
7,10,6,12.275,1.20112863590874,train
7,11,5,13.424,1.28498249015308,train
7,12,5,13.614,1.41112720900704,eval
7,13,6,14.8283333333333,1.28818347554479,eval
7,14,5,11.418,1.46556132590895,eval
7,15,4,12.91,1.1066465861632,train
7,17,4,14.6975,1.92944508430101,eval
7,19,6,12.425,1.51713875436626,train
7,20,5,12.298,1.1066480922136,eval
7,23,4,15.7525,0.712244106094719,eval
7,24,6,14.405,1.16421217997408,train
7,25,6,12.685,1.05240201444125,train
7,26,4,14.025,1.52421564528558,eval
7,29,4,13.175,1.34105679720634,train
7,30,5,13.99,0.597787587693153,train
7,31,5,15.104,0.818797899362229,train
7,32,4,13.575,1.86700294590019,train
7,33,6,13.985,0.966886756554252,train
7,34,6,11.525,1.79985277175662,eval
7,36,4,14.4325,1.03541859490095,train
7,39,5,13.092,0.703434431912456,train
7,40,4,13.1275,0.739791637332206,train
7,42,6,13.6066666666667,1.44347728304489,eval
7,43,5,13.29,1.20909056732736,train
7,45,4,13.8925,0.943376029658022,train
7,46,6,13.2066666666667,1.12457399341558,train
7,47,4,14.94,1.44579851062772,train
7,48,5,15.708,2.77797948156569,eval
7,49,5,11.95,0.567141957537969,train
7,50,7,13.9185714285714,0.939227139220125,train
7,51,6,14.17,0.461519230368573,train
7,52,6,13.52,0.759078388573934,train
7,53,6,13.465,0.750006666637037,eval
7,55,5,13.108,2.70590465463955,train
7,56,4,13.94,0.553955473541571,eval
7,58,6,12.2133333333333,0.984554044563662,train
7,59,6,15.2683333333333,1.31332275799465,eval
7,60,5,14.108,1.0106285173099,train
7,61,6,13.9083333333333,1.40671840347195,eval
7,62,6,14.9383333333333,2.33670209198063,train
7,63,4,15.175,0.832846524476949,eval
7,64,4,14.2375,1.62981338400035,train
7,65,6,13.6216666666667,1.10550290215208,train
7,66,5,13.964,0.940388217705858,eval
7,67,6,13.835,1.70677180665723,eval
7,68,5,13.096,2.02692624434142,train
7,69,5,13.444,0.588115634888242,train
7,72,6,12.7333333333333,1.79307185206468,eval
7,74,5,14.086,1.45109613740786,train
7,75,4,12.75,1.82756668824971,eval
7,76,5,14.918,1.07527670857319,train
7,77,5,14.2,1.87244492575883,eval
7,78,5,13.63,1.09036691072317,train
7,79,4,13.3025,1.33627280148928,train
7,80,4,13.39,1.13069300283794,eval
7,81,5,12.944,2.25797032752869,train
7,82,6,12.7366666666667,2.17940970601369,train
7,86,6,13.2883333333333,1.29746547802501,train
7,87,4,14.57,2.08385860044934,eval
7,89,5,13.866,2.32658118276582,eval
7,90,5,12.956,1.06034428371166,train
7,92,4,14.23,2.58743115850451,train
7,93,5,13.488,0.866383287004083,train
7,94,6,15.4466666666667,0.797362318313743,eval
7,96,4,13.4025,0.981881696879347,train
7,97,5,13.742,1.36175254727135,train
7,98,5,12.972,1.33561596276774,train
7,99,5,11.534,0.946377303193605,train
7,100,5,12.752,1.78031457894385,eval
7,102,5,14.414,0.399974999218701,eval
7,103,5,15.1,1.06025940222193,train
7,104,6,14.1,2.05468245721815,eval
7,105,5,12.794,1.62532458296797,train
7,106,7,14.2142857142857,0.812318844273543,eval
7,107,5,13.152,1.61023911267861,train
7,109,4,15.1275,0.933644293436567,train
7,110,4,14.395,1.08457364895151,eval
7,111,4,11.5125,2.73271995150131,train
7,114,6,12.015,1.14857738093696,eval
7,115,5,14.79,0.860145336556561,eval
7,116,5,13.748,0.919467237045453,train
7,117,5,12.934,1.54140520305337,train
7,118,6,12.2433333333333,1.272786968297,train
7,119,6,14.12,0.837329087038065,train
7,121,4,13.675,1.49800979080023,train
7,122,5,12.958,1.84471406998483,train
7,124,7,12.0471428571429,0.529582045444465,train
7,125,4,13.64,2.35523530317744,train
7,126,5,13.956,1.24021369126453,train
7,127,7,13.5771428571429,2.58241950042794,train
7,128,4,11.95,1.18101651131557,train
7,129,5,14.09,1.13163598387467,train
7,130,4,13.6825,1.93610218394244,train
7,131,5,13.198,0.974997435894065,eval
7,132,7,13.4942857142857,1.14421526446232,train
7,133,5,13.392,0.894019015457725,train
7,134,5,14.232,1.82542323859427,eval
7,135,4,15.5175,0.830075297789302,train
7,136,5,13.33,1.47917206571785,eval
7,137,6,14.725,1.71326296872372,train
7,138,5,14.588,0.789157778901025,train
7,139,4,13.605,1.2084287318663,train
7,142,4,13.1425,1.33856577475047,eval
7,143,4,13.33,1.40977539582256,eval
7,144,5,14.158,1.1430966713275,train
7,145,6,14.1333333333333,1.47477003857099,train
7,146,6,13.7933333333333,1.06601438389295,train
7,147,7,11.9914285714286,1.55117620502882,eval
7,148,4,13.8375,2.26032999065771,train
7,149,5,13.852,1.67669913818789,train
7,150,5,13.848,0.973534796501902,train
7,151,4,14.82,1.36962281912455,eval
7,152,5,13.828,1.53457485969242,eval
7,153,4,15.6025,1.67893567476541,train
7,154,6,13.015,0.704350764889199,eval
7,155,5,13.512,0.515189285602874,eval
7,156,6,13.7466666666667,2.43457320010442,eval
7,157,6,13.4266666666667,0.717123885159786,train
7,158,4,12.905,2.08727094551714,train
7,159,5,14.2,1.11175536877498,train
7,160,6,14.8983333333333,1.573714290037,train
7,161,4,14.885,1.76488904278239,eval
7,162,6,13.2966666666667,1.7407776040226,train
7,163,5,15.014,0.330802055616346,eval
7,164,5,14.116,0.862948434148878,train
7,165,6,14.6866666666667,1.38690542816252,train
7,166,4,13.585,1.99603774179414,train
7,167,6,14.2983333333333,1.16631756681732,eval
7,168,6,15.1416666666667,1.46907340411113,train
7,169,5,15.054,1.85436781680442,train
7,170,5,13.148,0.873452918021344,eval
7,172,5,13.072,1.7464879043383,train
7,173,4,13.15,2.33659296127217,train
7,174,5,13.964,2.00683332641254,eval
7,175,4,14.675,2.27549994506702,train
7,176,6,12.8033333333333,1.92969082152211,train
7,177,7,13.2828571428571,1.0400915710602,train
7,178,6,12.505,1.52940184385923,train
7,179,5,13.972,0.889561689822578,eval
7,180,5,12.24,0.668617977622499,eval
7,181,4,13.1175,1.47597143152117,eval
7,182,5,13.268,1.62033021325901,train
7,183,7,12.9228571428571,1.33104863780047,eval
7,184,4,12.91,1.19507321951419,train
7,185,6,13.4866666666667,1.29609670421102,train
7,186,4,14.3075,1.70043866889302,eval
7,187,6,12.7116666666667,1.13489059678309,eval
7,188,6,12.9716666666667,0.8318753913097,train
7,189,5,13.96,1.29305839001957,train
7,191,5,12.596,0.856288502783962,eval
7,192,6,13.6683333333333,1.06889506812721,train
7,193,6,12.6416666666667,1.66842940116346,eval
7,194,5,15.686,0.835272410654153,eval
7,195,6,13.6083333333333,1.09536143197881,train
7,196,5,13.834,0.82760497823539,eval
7,198,4,13.2675,1.06095475869615,eval
7,199,7,14.7542857142857,0.726930926174263,train
7,200,6,14.3316666666667,1.29246147589267,train
8,1,4,15.96,1.80988029070065,eval
8,4,5,13.742,1.1515945467047,train
8,5,4,13.1225,1.46440829916614,train
8,6,6,13.27,1.02321063325202,train
8,8,5,15.198,1.07190018191994,train
8,9,6,14.6683333333333,0.89181649831491,eval
8,10,7,14.0742857142857,0.752016337208555,train
8,13,5,14.646,0.739513353496744,train
8,15,4,14.0325,1.01503284019123,eval
8,16,4,14.1525,2.60460329672934,eval
8,19,4,14.475,1.38276293461075,eval
8,20,6,13.5783333333333,0.8927578992463,eval
8,21,5,14.988,1.48901645390506,train
8,25,4,12.5125,1.38939735137217,eval
8,27,5,14.256,1.04490669439907,train
8,28,6,15.4266666666667,1.03235006982451,train
8,31,4,14.21,1.63403386337819,eval
8,32,4,12.875,0.754033597836772,train
8,33,5,13.652,0.768550583891522,train
8,34,4,14.43,0.693253200497481,train
8,36,4,12.6775,1.66010792821832,train
8,38,5,13.148,0.576211766627513,eval
8,41,5,14.216,1.08567029986087,eval
8,42,4,13.2375,0.997208604054337,eval
8,44,4,13.9325,1.50767757384219,eval
8,46,4,14.105,2.85389207924897,eval
8,47,5,12.934,0.334260377550197,eval
8,48,5,13.974,1.29847217913978,train
8,49,5,14.596,1.5479922480426,eval
8,51,4,12.57,1.70250795397065,train
8,53,4,11.3725,0.432155450426502,train
8,55,5,11.432,1.56191228947083,eval
8,56,4,12.06,1.32778010227598,eval
8,57,5,13.786,2.47235313011714,train
8,58,5,14.162,1.19938317480278,train
8,60,4,15.1975,1.18328286277345,eval
8,61,4,15.3575,1.03683412366685,eval
8,62,4,14.685,0.93118204450043,eval
8,63,4,14.165,1.18401858093528,train
8,64,6,13.8033333333333,1.57756352222871,eval
8,65,5,11.824,0.939882971438466,eval
8,66,5,13.614,1.09944531469282,eval
8,68,4,16.325,1.0519980988576,train
8,70,4,13.8725,0.985473659380774,train
8,71,4,13.1025,1.76144590228217,train
8,73,4,16.5275,0.850465558777466,train
8,75,4,13.555,1.44093719502274,train
8,76,4,13.915,0.891309897473002,eval
8,78,6,15.5933333333333,2.17546929802897,train
8,80,4,14.8,1.65710591091819,eval
8,81,5,15.282,0.813861167521832,train
8,82,5,15.008,1.65380470431064,eval
8,83,5,15.23,2.61313987379168,train
8,84,4,12.155,0.759934207678533,train
8,85,6,11.4533333333333,0.744060929404754,eval
8,87,4,14.8125,1.29348044695955,eval
8,88,4,16.7875,1.04356360611129,train
8,90,5,13.69,1.08252020766358,eval
8,91,5,13.596,1.82922934592686,train
8,92,4,13.445,0.399708226918919,train
8,93,4,15.355,0.812465383877984,train
8,94,4,13.32,1.66312958003879,train
8,95,5,14.8,1.14978258814438,train
8,96,7,13.5457142857143,1.96065343820929,train
8,97,6,12.8066666666667,2.21089725375619,train
8,98,4,14.745,0.869348415002102,eval
8,99,7,15.6157142857143,2.30518876409183,train
8,100,4,15.03,1.85608907832212,train
8,104,5,12.706,1.35134377565444,eval
8,105,4,15.09,0.970669871789581,eval
8,106,4,14.8,1.68667325426908,eval
8,108,5,12.184,1.57687348890138,train
8,110,5,14.876,2.11154682638108,eval
8,113,5,14.632,1.93879343922967,train
8,114,4,13.7475,0.510187873892223,train
8,115,6,15.4833333333333,1.14463385703319,eval
8,116,6,13.4866666666667,0.943030575679636,eval
8,118,4,14.1475,0.566414159427534,train
8,122,4,15.9425,2.64433198873868,train
8,123,7,14.1,1.07374733216587,eval
8,124,4,16.1675,0.99342421284498,train
8,125,4,14.3575,1.32982141658194,eval
8,127,5,15.31,1.1606679111615,train
8,128,6,15.1833333333333,2.38239935079463,train
8,129,4,14.3125,0.299819390077872,train
8,131,4,12.165,1.11518309408515,eval
8,133,6,15.4966666666667,2.14058558966155,eval
8,134,5,13.312,0.969133633716218,eval
8,136,5,11.8,0.204083316319585,train
8,137,5,13.232,1.41241636920562,train
8,139,4,13.9375,0.712384493561354,train
8,141,6,14.6233333333333,1.1722058977273,train
8,142,4,14.36,0.681322243875833,eval
8,145,4,15.82,1.09163485958752,train
8,149,5,12.882,1.12413077531042,eval
8,150,5,15.922,1.97522656928262,train
8,151,4,14.7875,0.65855270606586,train
8,152,4,15.975,0.87960218280766,train
8,154,6,12.23,1.07866584260372,train
8,155,5,14.308,1.04578678515269,train
8,157,5,13.736,0.628752733592467,train
8,158,5,15.504,0.793870266479354,train
8,159,5,12.49,1.25815340877017,eval
8,161,5,15.328,1.63956396642522,train
8,162,4,13.4075,0.534189417092227,train
8,163,6,14.9316666666667,0.734803828696249,train
8,165,4,13.705,1.24173266043863,train
8,166,4,14.3,1.94701480905171,eval
8,169,6,14.7883333333333,0.630917321577611,eval
8,170,6,15.53,1.20820528057115,eval
8,171,5,16.652,1.49747120172643,train
8,172,4,13.5025,1.53352263324239,train
8,173,4,13.9875,1.51880161092005,train
8,175,4,14.5575,0.962544371271614,eval
8,176,5,14.722,1.08789705395318,eval
8,177,4,15.3375,3.25840835378256,eval
8,178,6,14.595,1.55108671582217,train
8,179,6,14.6633333333333,1.30925424065254,eval
8,180,4,13.4175,1.09885925698729,eval
8,181,6,14.555,1.79515737471677,eval
8,182,4,16.625,1.26642541562199,train
8,183,4,12.6575,1.6346125942661,eval
8,184,6,13.175,1.71560776403,train
8,185,5,14.14,1.06263822630282,train
8,186,6,14.4566666666667,0.926102946041457,eval
8,187,5,13.496,2.55547060245271,train
8,188,6,13.4916666666667,1.35527733939097,train
8,189,5,14.906,2.41938628581713,train
8,190,6,11.4866666666667,1.10248204822875,train
8,191,4,15.3425,1.17621922559813,train
8,193,4,12.305,1.20040271020465,train
8,194,4,14.2825,1.07698266776521,eval
8,195,4,10.83,2.42965018058156,train
8,196,5,14.492,0.72306292948816,eval
8,199,7,13.7157142857143,0.855177508724692,eval
9,1,6,14.85,1.88611770576494,train
9,2,5,12.898,0.527560423079669,eval
9,4,6,14.45,1.31145720479168,train
9,5,6,12.02,0.496306357001399,train
9,7,4,14.3225,1.10930533818842,train
9,8,4,15.33,0.792464510246358,eval
9,9,5,13.09,1.50204860107787,eval
9,10,5,14.486,1.40702878435375,train
9,12,4,15.41,1.47315986912487,train
9,13,6,14.3083333333333,0.430786103149425,eval
9,14,6,13.9583333333333,0.346203215852578,eval
9,15,5,14.606,1.13140620468512,train
9,16,6,13.0516666666667,1.22975471809083,train
9,17,6,13.395,1.88292060374303,eval
9,18,7,15.6085714285714,1.86326262750253,eval
9,19,5,14.536,1.92938591266755,eval
9,20,5,13.864,0.885228783987506,train
9,22,4,14.52,1.2397580409096,train
9,23,5,13.288,1.36444860658069,train
9,24,4,12.79,0.739053448676076,eval
9,25,4,15.7525,1.85695763728381,train
9,26,6,12.37,1.16995726417677,eval
9,27,4,13.445,0.960711541861899,train
9,28,6,14.6216666666667,1.50392043229244,train
9,29,5,14.256,1.94291790871359,train
9,30,4,13.7675,0.806117237131176,train
9,31,5,14.358,0.567908443325154,eval
9,32,4,14.3125,1.48589759629211,eval
9,33,5,14.09,1.08025459961992,eval
9,34,7,12.2471428571429,0.446195558237054,eval
9,35,5,13.024,1.26260841118694,eval
9,36,4,15.495,1.06940793588478,train
9,37,4,12.6175,0.516034559566185,train
9,38,4,15.01,1.51351687580064,train
9,41,5,14.362,2.54268952096004,train
9,42,4,14.34,1.46430871062082,train
9,43,6,13.485,1.83671173568418,eval
9,44,5,14.384,0.769824655359907,train
9,45,5,14.774,0.691686345101593,train
9,47,4,13.6375,0.943482025972585,train
9,48,4,13.965,0.366651514838455,eval
9,49,5,14.774,0.969370930036588,train
9,50,5,14.176,1.38120599477413,train
9,51,6,12.6733333333333,0.859410650775674,train
9,52,5,14.88,0.633640276497635,train
9,53,5,13.166,0.926191124984471,eval
9,55,5,14.066,0.648868245485938,eval
9,56,5,13.652,0.627152294104072,train
9,57,5,13.292,1.12823756363631,train
9,58,6,13.3333333333333,1.25662510983454,eval
9,59,5,13.388,1.16252741903148,train
9,61,4,14.425,2.46650224677241,train
9,63,7,14.9071428571429,1.56447770076485,train
9,64,5,15.134,0.717168041675032,eval
9,65,6,12.2733333333333,1.11995833255825,train
9,66,4,14.46,0.682446579105891,train
9,67,4,14.67,0.847034041031804,train
9,68,5,14.362,1.10214336635485,train
9,69,5,13.938,1.12978759065587,train
9,70,5,14.202,2.0803413181495,train
9,71,6,12.6183333333333,1.53014269487086,train
9,72,5,12.404,2.2954694508967,train
9,73,5,14.958,1.93202484456075,train
9,74,6,12.795,1.05789886095033,train
9,75,5,12.95,0.562627763268042,train
9,76,6,12.755,1.108363658733,train
9,77,6,13.5266666666667,1.92302539418144,eval
9,78,6,14.6616666666667,1.10776200813472,eval
9,79,4,16.11,0.502593274925163,eval
9,80,7,13.5185714285714,1.13927504100091,eval
9,82,4,14.19,0.822881117375611,train
9,83,5,13.218,0.74509730908117,train
9,84,5,13.718,0.683534929612233,eval
9,85,6,13.0783333333333,2.35032267288274,train
9,87,5,13.99,1.29437243481156,train
9,88,4,16.115,1.04631097990352,eval
9,89,6,11.825,0.719353876753299,train
9,90,6,12.5666666666667,1.69047527833644,eval
9,92,6,13.6433333333333,0.949856129456807,eval
9,93,7,14.45,0.883062851670254,train
9,94,7,13.8214285714286,0.902873718955731,train
9,95,4,13.83,1.02810505299799,train
9,96,6,14.385,1.65142060057394,train
9,97,7,15.0071428571429,1.06126833373585,train
9,98,5,13.81,1.30889266175649,eval
9,99,5,13.076,1.63412973781154,eval
9,100,5,12.886,0.77825445710256,eval
9,101,5,13.476,1.35372818541981,train
9,102,4,12.08,1.0655515003978,train
9,105,5,13.602,2.78210711511976,train
9,106,4,13.5425,0.581628461018429,eval
9,107,5,14.306,1.03113044761563,eval
9,108,5,13.126,2.03223522260589,train
9,109,6,14.9133333333333,1.58205773177424,train
9,110,5,13.66,0.710281634283191,eval
9,111,6,14.1866666666667,1.78067028578192,eval
9,112,5,14.87,1.56032047990148,train
9,113,5,12.444,0.868349008175861,train
9,114,5,13.354,1.64442391128322,train
9,115,5,14.678,0.962896671507384,eval
9,116,5,12.61,0.913646539970463,eval
9,117,5,12.244,1.21013635595333,train
9,118,5,15.762,1.29677291766909,eval
9,119,5,13.596,2.19209488845716,train
9,120,6,14.3933333333333,0.720018518280375,eval
9,122,6,16.3733333333333,1.84028983224563,train
9,123,6,13.2733333333333,1.32191779875553,train
9,124,5,16.53,1.44507785257404,eval
9,125,5,12.698,0.878419034402147,train
9,126,4,13.9225,1.38814924749947,train
9,127,5,12.628,0.641225389391281,train
9,128,5,13.7,2.46460950253788,eval
9,129,5,15.01,0.705797421361115,eval
9,130,7,13.5242857142857,0.47059739136751,train
9,131,5,14.788,0.743081422187367,train
9,132,6,14.7116666666667,1.55891522112868,train
9,133,4,14.4825,1.93165516246215,train
9,134,5,14.746,1.17080314314576,train
9,135,5,13.522,1.06170617404252,eval
9,136,4,12.0675,0.905625934552083,train
9,137,5,12.462,1.56024677535318,eval
9,138,5,14.528,0.392899478238391,train
9,139,5,14.464,0.836737712786988,train
9,141,5,14.014,0.427995327077294,eval
9,142,5,14.26,1.34486058757033,train
9,143,6,12.9116666666667,0.853262366840743,train
9,144,5,12.112,1.61259728388708,train
9,145,4,14.52,1.30289421417601,train
9,146,6,13.1833333333333,2.28927645046785,eval
9,147,6,14.6916666666667,1.64641934714904,train
9,149,7,14.5257142857143,1.987853592386,train
9,151,5,16.104,1.52373882276458,train
9,152,5,14.5,1.33266649991661,train
9,153,4,12.62,0.723878442834154,train
9,154,4,14.5075,3.84161749787768,eval
9,155,6,14.1866666666667,1.58268969373869,train
9,156,7,14.7385714285714,1.24305307705703,train
9,157,6,15.0783333333333,0.822445540243648,eval
9,158,5,13.28,1.67330511264384,train
9,159,6,15.8483333333333,1.07274259105652,train
9,162,6,13.855,1.35970217327178,train
9,163,5,13.484,0.694643793609358,train
9,164,4,13.935,1.08472730828229,train
9,165,6,13.1116666666667,1.23656648291415,eval
9,166,5,12.816,1.24013305737731,eval
9,167,4,13.5575,2.52337571518789,train
9,168,4,13.155,0.222186108176607,eval
9,169,7,15.86,1.06695829346793,train
9,170,6,15.07,1.07491395004437,train
9,171,5,15.95,0.48192323040086,eval
9,173,7,11.6771428571429,2.26516161517388,train
9,174,6,12.5766666666667,1.26048667849631,eval
9,176,5,13.488,1.21676620597385,train
9,177,7,14.7014285714286,0.974720961291462,eval
9,178,5,14.114,1.61936098508023,eval
9,179,6,15.5866666666667,0.882511567440715,eval
9,180,5,12.774,2.05144583160268,train
9,181,6,13.24,1.00031994881638,train
9,182,4,12.99,1.22594181482374,train
9,183,5,14.526,1.17082449581481,train
9,187,6,13.3266666666667,1.50292603499529,eval
9,190,5,16.546,1.51483662485431,train
9,191,6,14.5766666666667,0.618600571181976,train
9,192,6,13.485,0.892586130297799,eval
9,193,5,15.554,1.43997569423932,train
9,194,6,13.2366666666667,1.0565162879325,train
9,196,5,13.254,0.607972038830735,train
9,197,6,14.7533333333333,1.10275412793001,train
9,198,6,13.4266666666667,2.43163867929976,eval
9,199,5,12.504,1.49267545032402,eval
9,200,5,14.808,1.34388243533428,eval
10,2,5,13.382,1.31585333529235,eval
10,4,5,12.354,1.55286187408926,train
10,7,6,13.2083333333333,0.785580464794451,train
10,8,5,13.422,1.13576846231968,train
10,9,7,13.3842857142857,1.2536328162964,train
10,10,4,14.16,0.488125666879613,train
10,12,5,12.402,0.799637417833858,train
10,13,5,13.828,0.849423333797701,train
10,16,6,11.9516666666667,1.41863901915416,train
10,17,6,13.6566666666667,1.40893813443553,train
10,20,5,12.842,1.29866084872071,train
10,21,5,13.882,1.20104954102651,train
10,22,6,13.3833333333333,0.706021718268402,eval
10,25,6,13.715,0.518102306499402,train
10,26,4,12.395,0.962306257556987,train
10,27,5,13.984,1.4600958872622,train
10,28,4,12.6775,0.84270892562814,eval
10,32,5,12.5,0.881674543128018,train
10,33,5,12.864,1.14683477449893,eval
10,34,4,13.7525,0.820665380448491,eval
10,35,4,12.73,1.71652750244983,train
10,36,6,12.8316666666667,0.848231493559787,eval
10,37,5,13.03,1.41423123993214,train
10,38,4,13.955,1.2109087496587,train
10,39,4,12.575,0.653426864053405,train
10,40,6,15.5916666666667,0.956272276428982,train
10,41,5,13.676,1.11410502197953,train
10,42,4,12.7225,0.827340115470455,eval
10,44,5,14.124,1.09189285188612,eval
10,45,4,13.51,0.921701325448398,eval
10,46,5,12.322,0.941870479418481,train
10,47,5,13.662,0.50618178552769,train
10,48,4,14.42,1.28703794297863,eval
10,49,6,13.0366666666667,1.05141174934783,train
10,50,5,15.034,1.19026467644806,train
10,51,6,12.58,0.697739206294156,eval
10,52,7,13.2314285714286,1.25999244139834,train
10,54,5,14.032,1.58693730184907,eval
10,58,5,14.218,0.826450240486383,eval
10,59,6,13.5683333333333,1.14112955735388,eval
10,60,4,13.6325,1.6019649392751,eval
10,61,4,15.04,0.59604250407724,eval
10,68,5,15.252,0.882054420089826,train
10,69,4,13.395,1.56299925357201,eval
10,71,4,12.8975,1.41318493717796,eval
10,72,6,14.2383333333333,1.93902466891648,train
10,73,6,13.38,1.5093442284648,eval
10,76,5,12.8,1.16865307084695,train
10,78,5,13.928,0.922886775287196,eval
10,79,4,13.49,1.11669154201149,train
10,80,4,12.6425,0.781595590229798,train
10,81,4,12.1525,1.28911791547554,eval
10,83,5,15.274,0.934601519365339,eval
10,85,5,14.816,1.87650739407016,eval
10,86,5,13.066,1.50403789845868,train
10,89,4,13.6875,0.808140870558263,eval
10,90,4,12.5775,0.857219341825649,eval
10,92,4,13.0525,1.42565482030773,eval
10,94,7,13.1157142857143,0.654289873141284,train
10,96,4,15.1,1.65362228657776,train
10,98,5,13.052,1.13115869797301,eval
10,101,4,12.6725,1.30969143948743,eval
10,103,5,15.702,0.862768798694065,train
10,108,5,12.928,1.14770205192811,train
10,109,4,13.5575,0.34296501279285,train
10,111,4,13.515,0.958279708644611,train
10,112,5,13.8,1.3669125795017,train
10,113,4,13.4625,1.26368179011437,eval
10,114,5,12.154,1.30208678666209,train
10,116,6,12.54,0.897819580984955,eval
10,118,4,13.865,0.708166647054209,eval
10,119,4,12.7675,1.36575681095379,eval
10,123,4,14.47,0.706210544620606,eval
10,124,4,13.6575,1.78694105480101,train
10,125,7,15.2471428571429,1.7486920282096,eval
10,127,4,13.305,1.1121900317242,eval
10,128,5,12.992,0.902092013045233,train
10,130,4,13.52,0.714749373323731,train
10,131,6,14.3383333333333,2.76876446572594,train
10,132,4,11.385,0.667657596876323,train
10,133,4,13.7125,1.12615496269386,train
10,137,5,13.952,0.382844615999755,eval
10,138,4,13.215,1.97458012414454,eval
10,139,5,14.366,1.24194605357882,eval
10,140,4,13.5125,1.63273543478421,eval
10,144,5,14.222,1.12292920524849,train
10,145,5,13.506,1.17687297530362,eval
10,146,6,13.9583333333333,2.24523866585864,train
10,150,6,12.0933333333333,0.569689974167236,eval
10,151,4,14.9175,0.900606277274741,train
10,153,6,12.0333333333333,0.723067539491759,train
10,155,6,12.6966666666667,1.27251980993094,train
10,156,4,13.5325,0.480303723352908,train
10,157,6,13.175,1.07395996200976,eval
10,158,5,12.908,1.07741356961939,train
10,160,5,15.112,0.727681248899544,train
10,161,4,12.7325,0.809789067185605,train
10,163,6,12.8316666666667,0.72364125550349,train
10,165,5,11.75,1.70846422262803,train
10,166,4,13.61,0.754850978670625,eval
10,169,4,14.4075,1.07264082214567,eval
10,170,4,12.8175,0.851797119819816,train
10,173,5,13.88,0.632139225171164,eval
10,174,4,13.845,2.86292973484622,train
10,175,4,14.115,1.3061010680648,train
10,179,5,14.918,1.38941354534926,train
10,180,5,14.152,1.21888063402451,train
10,181,4,15.145,0.835084826030666,train
10,184,5,13.04,1.0685270235235,train
10,185,4,12.635,1.93153652135634,eval
10,186,6,11.445,1.27866727493903,eval
10,187,4,12.375,0.55770362499569,train
10,188,5,12.768,1.58520345697327,train
10,190,5,14.66,1.33326666499992,eval
10,191,4,13.2025,1.61596978107059,train
10,192,4,12.9425,0.28371053323179,train
10,193,4,13.4525,0.925648421378225,train
10,194,4,13.4225,0.572560040519769,train
10,195,4,14.045,0.839225833730111,train
10,197,4,13.4625,0.477729002678296,train
10,198,6,12.68,1.75317996794396,eval
11,1,5,14.418,1.23479552963234,eval
11,2,4,13.165,0.257487863791674,train
11,3,5,12.118,1.35689719581109,train
11,5,5,14.83,1.05794612339192,train
11,6,4,12.9025,0.634842500152597,train
11,8,5,13.282,0.711807558262765,eval
11,9,4,13.435,1.10158976030099,train
11,10,5,13.716,0.977000511770593,eval
11,11,5,14.88,2.08542561603141,train
11,12,4,14.6575,0.751459690646589,eval
11,17,4,12.1175,0.8570637860354,train
11,18,4,14.06,1.37042572460775,eval
11,19,4,13.675,2.01597784379359,eval
11,21,5,12.846,2.39785946210365,eval
11,24,4,13.805,1.96788380415782,eval
11,25,4,14.3525,2.26773565478871,eval
11,28,4,14.1375,1.83779532774101,train
11,29,6,12.9816666666667,1.29561439736778,train
11,30,4,14.25,1.14143184933077,eval
11,31,5,12.996,1.15936620616611,train
11,33,6,14.005,1.31456076314486,train
11,35,4,13.9325,0.878535713559785,eval
11,37,4,12.3775,1.06706372818122,eval
11,38,4,14.1675,0.907427683069015,train
11,39,6,15.3933333333333,1.11164142899888,eval
11,44,4,13.845,0.909010450985026,train
11,47,6,14.2116666666667,1.14722999728331,train
11,51,5,12.792,1.02645993589618,eval
11,54,4,12.825,0.832366105348682,eval
11,55,4,12.5275,0.690669964599591,eval
11,57,5,13.946,1.08932547936785,eval
11,58,4,13.575,1.33709884949967,train
11,59,6,14.4583333333333,1.12980381777841,eval
11,61,4,16.8425,0.896488520097533,train
11,63,4,15.04,0.847152091815082,eval
11,69,6,13.695,1.23401377626022,train
11,70,5,13.32,1.59838981478236,eval
11,74,5,12.97,1.04491626458774,train
11,78,4,14.1925,0.587842098980104,train
11,82,5,16.224,0.744768420383141,eval
11,83,5,12.52,1.1171839597846,train
11,86,4,14.905,0.900388804905969,eval
11,88,5,13.77,1.34851770474102,train
11,89,4,13.6675,1.28671092324578,train
11,91,4,13.12,1.08977061806602,train
11,92,4,13.4425,1.81336473624769,train
11,99,4,13.63,1.73253186598881,train
11,101,5,14.15,1.26726082556039,eval
11,102,4,14.455,2.02010725787849,train
11,103,5,13.166,1.31524902585024,train
11,105,4,16.265,1.93798004805691,train
11,106,6,13.575,1.1525059652774,train
11,108,6,13.5833333333333,1.68174512535838,train
11,110,4,15.3175,2.03907454498358,train
11,111,5,14.99,1.76509206558751,eval
11,113,4,12.725,1.69017750547095,train
11,115,4,14.0475,0.792143715916921,eval
11,116,4,12.6125,1.56303924028371,eval
11,120,4,14.825,1.67352920500361,eval
11,123,4,15.365,2.79218552392208,eval
11,124,4,13.595,1.40467077993386,eval
11,125,5,15.138,1.04368098574229,eval
11,127,4,15.25,1.38532787936045,train
11,134,5,14.082,1.19831965685288,eval
11,136,6,14.4216666666667,0.935808028746637,eval
11,137,5,13.618,1.47389619715908,eval
11,138,4,14.4325,2.12226883311234,train
11,139,4,16.8475,0.792269945578316,eval
11,141,4,14.0225,0.970682749408889,train
11,143,4,14.435,1.27970048579085,eval
11,145,4,13.3675,0.882586161988354,train
11,146,5,12.73,1.87260513723529,train
11,148,4,12.145,1.18046600967584,train
11,149,4,13.7325,1.25478749860949,eval
11,151,5,15.21,1.58511829211577,eval
11,152,4,14.3325,0.145229703114296,train
11,153,5,14.084,1.0230493634229,train
11,155,5,13.094,0.966219436774069,train
11,157,5,13.612,0.537187118237212,eval
11,159,4,13.15,0.727094675174194,train
11,160,4,12.3825,0.268126214060966,eval
11,163,6,13.5116666666667,1.08843771832231,train
11,164,5,14.072,0.598723642426119,train
11,166,5,14.622,1.02150379343397,eval
11,167,4,13.925,0.773929368008908,train
11,170,4,13.515,0.851449744064009,eval
11,173,5,13.266,1.53283397665892,eval
11,182,4,15.34,1.04195329389885,train
11,184,5,13.46,0.45453272709454,eval
11,185,4,14.475,1.14747548993432,eval
11,186,4,14.0225,0.965656080945316,eval
11,187,6,13.84,1.27055893212397,eval
11,190,4,13.53,1.75396693241349,eval
11,192,4,14.17,1.07371628779053,train
11,194,4,16.1525,1.83922764587023,eval
11,195,4,15.77,2.43347488172777,train
11,197,4,14.76,2.35421607617766,train
11,199,4,16.145,0.880549071129296,train
12,1,4,12.9125,0.805,train
12,2,4,14.795,0.571576766497729,eval
12,3,5,12.566,1.59222485849204,eval
12,5,4,12.1875,0.676676929314622,train
12,6,5,11.212,0.563000888098767,train
12,7,7,11.87,1.95926857100637,eval
12,8,4,12.525,1.15217186218029,eval
12,9,5,13.068,1.30557267128261,train
12,10,6,12.6683333333333,1.09380833177786,eval
12,11,4,14.5,1.03817146945965,train
12,12,5,13.354,0.860046510370224,eval
12,13,6,13.65,2.04010784028688,train
12,14,4,12.4275,0.921787213334328,train
12,15,5,14.782,1.68768184205436,eval
12,16,5,13.218,0.828112311223544,train
12,18,5,13.822,1.30265881949189,train
12,21,4,14.085,0.99406572552657,train
12,22,4,14.41,1.11184531298198,train
12,23,4,14.215,1.75974429960719,eval
12,24,5,12.744,1.26750936880167,eval
12,25,5,15.28,0.870976463516666,train
12,26,6,14.53,0.874116697014763,eval
12,27,4,13.0225,0.795796246954373,eval
12,28,5,14.042,1.19850740506682,train
12,29,6,10.96,1.35168043560599,eval
12,30,4,12.78,0.742473344078201,train
12,31,5,12.156,1.15895642713607,train
12,33,5,13.91,0.554030685070782,eval
12,34,6,11.265,0.628991255901066,train
12,35,5,14.352,2.20514625365303,eval
12,37,4,12.81,1.04463709807122,train
12,38,4,12.1225,1.52040290712692,eval
12,39,5,12.326,1.90965441899837,train
12,40,5,12.786,1.52368960093583,eval
12,42,5,12.298,1.23197808422066,train
12,44,5,14.642,0.799668681392488,train
12,45,4,12.9375,0.297363414023986,eval
12,46,4,12.5525,2.19883870865206,train
12,47,5,15.026,1.48392385249379,train
12,48,4,11.52,0.605695192870694,train
12,49,7,13.2028571428571,1.23471608458131,train
12,50,5,15.664,0.732140696860925,train
12,51,6,12.4566666666667,1.47559705430265,train
12,52,4,13.015,0.769350375316735,eval
12,53,5,13.458,1.48123934595325,train
12,54,6,10.91,1.60419450192301,train
12,56,6,12.755,1.07710259492771,eval
12,58,4,12.975,1.59554588359804,eval
12,59,5,13.092,0.43309352338727,train
12,60,5,12.73,2.21544577907021,train
12,62,5,13.926,1.93381229699265,train
12,63,6,12.6533333333333,1.57394620831421,train
12,64,4,13.3875,0.902048594404241,train
12,65,5,11.51,0.781472968182521,eval
12,67,6,13.5833333333333,0.9533869448795,eval
12,68,5,13.234,1.75625453736069,train
12,69,5,11.182,1.58182489549254,eval
12,70,4,11.9925,1.27533982399464,eval
12,71,5,11.176,1.04311073237696,train
12,72,5,12.92,1.44213383567545,train
12,74,4,15.0325,0.641787867341434,train
12,75,4,12.6475,0.81875413484961,train
12,76,4,13.8775,1.53636746906461,train
12,77,4,14.785,0.889363067968682,train
12,78,4,13.675,2.05519666536644,train
12,80,5,12.556,0.87159623679775,eval
12,81,4,13.37,0.444372216353213,train
12,82,5,13.834,1.06847086998196,eval
12,83,6,10.8733333333333,1.10731507109163,train
12,85,5,14.162,2.06465977826857,train
12,86,5,12.928,0.826873630006424,train
12,87,4,13.9375,0.692549637210215,eval
12,88,4,11.7,1.7528453059716,train
12,89,4,12.6375,2.09787789603367,eval
12,90,4,12.9775,1.13743497982669,eval
12,92,7,11.8814285714286,0.730922443934799,eval
12,93,4,12.45,0.744714710476435,train
12,95,4,13.3875,1.59627430808952,train
12,96,4,12.5675,2.19231042509951,train
12,97,4,12.9225,1.14941651864471,eval
12,99,6,12.0566666666667,1.40299204084224,train
12,101,4,12.9125,0.614457755531927,train
12,102,7,13.8957142857143,0.74676763773071,train
12,103,7,11.1914285714286,0.78365444279624,train
12,104,6,12.0,1.00041991183702,eval
12,106,4,13.9375,1.88819799456166,eval
12,107,5,15.618,0.642666320885108,train
12,108,6,14.31,0.964178406727718,eval
12,109,5,12.546,1.4372647633613,train
12,110,5,13.336,0.575091297099861,train
12,111,5,12.794,1.15259706749584,train
12,112,7,13.5185714285714,1.24807089236988,train
12,113,6,14.87,1.58853391528163,eval
12,114,7,12.1471428571429,0.870435030807666,train
12,115,5,13.094,1.26187558816232,train
12,116,4,11.4925,1.27225194045834,train
12,117,5,13.752,0.555220676848404,train
12,118,4,13.545,1.19008403064658,eval
12,119,5,12.076,1.17035464710489,eval
12,120,6,12.265,1.25986904081337,eval
12,121,5,13.172,0.622711811354177,train
12,122,5,13.0,0.774209274033837,eval
12,124,5,12.348,2.08521461725166,train
12,126,4,12.8925,1.01916223765732,eval
12,127,5,13.32,1.85642128839334,train
12,128,5,13.24,0.55659680200303,train
12,129,5,12.998,0.833048618028984,train
12,131,4,15.61,0.541971708978738,eval
12,132,5,11.49,1.53124132650605,eval
12,133,4,12.5125,0.82975397960279,eval
12,134,4,12.4325,1.42043127253662,train
12,136,6,13.4016666666667,0.60386808714045,eval
12,139,4,13.4775,0.431769614493656,eval
12,142,4,13.8325,2.81588795941884,train
12,143,4,12.5675,0.664548719056774,eval
12,144,5,12.428,1.44253942753742,eval
12,145,4,12.945,0.925364792933036,train
12,147,6,15.2166666666667,1.22356310285439,train
12,148,4,12.69,1.10676706371907,eval
12,151,5,11.942,1.1896512093887,train
12,152,4,12.835,1.12476664246412,eval
12,153,7,12.7842857142857,1.39920045195887,train
12,155,4,14.5675,0.517195965439278,train
12,157,6,12.905,0.819066541863358,train
12,159,5,12.834,1.63608679476365,train
12,160,5,12.95,1.03210949031583,train
12,161,5,11.938,0.600391538914399,train
12,163,5,13.642,0.766498532288222,train
12,164,4,11.8775,1.04356360611129,train
12,165,6,12.44,1.02971840810971,train
12,167,4,14.69,0.610300472445062,eval
12,168,5,12.576,1.58095856998215,eval
12,170,5,12.582,0.782125309653127,eval
12,171,4,13.84,1.14711231650029,eval
12,172,5,12.166,0.438953300477397,train
12,173,4,12.8825,2.10324154580495,eval
12,174,5,10.848,1.21849086988783,train
12,176,6,12.3433333333333,0.534665004153691,train
12,177,4,12.695,0.673176549403399,eval
12,178,5,11.834,1.23504250938986,eval
12,180,6,12.21,0.650230728280355,train
12,181,6,15.8866666666667,1.27299122803995,train
12,182,4,11.545,0.502692749102272,train
12,184,4,14.655,2.03296991287787,train
12,185,6,13.8233333333333,0.891844530547038,eval
12,186,6,12.6883333333333,1.15504833953678,eval
12,187,6,15.0666666666667,0.782474706726464,train
12,188,5,13.272,0.66788472059181,train
12,189,6,14.345,1.34471930156446,train
12,190,4,14.9725,1.89130246126842,train
12,191,4,12.465,0.935752816364094,train
12,192,4,12.2575,1.03277538700339,train
12,193,6,11.4966666666667,1.51595074678126,train
12,194,5,13.256,1.52665647740413,eval
12,195,6,12.51,1.23924170362363,train
12,196,5,12.984,1.58247590818944,train
12,197,5,12.61,1.87843019566871,eval
12,199,5,13.77,1.55769059828966,train
13,1,4,13.2175,0.414517792139252,eval
13,2,7,12.6971428571429,0.71322540349491,train
13,4,5,15.374,0.991100398546989,eval
13,6,4,13.5275,0.392799779361784,eval
13,7,4,14.25,1.13004424692133,eval
13,9,4,14.32,1.16827508176228,train
13,10,5,13.89,1.19557517538631,train
13,11,4,13.9625,2.00140575596254,train
13,12,5,14.256,1.69089621207217,train
13,14,4,12.5875,0.825848048977534,eval
13,15,4,13.4475,0.775129021518353,train
13,16,6,15.65,2.58651889612274,train
13,17,4,13.465,1.39910685796332,train
13,18,5,15.292,0.389833297705571,train
13,19,5,12.982,1.16110723019022,eval
13,20,5,13.216,1.20943375180288,train
13,21,4,16.335,1.33697419571209,eval
13,22,5,16.114,1.59373147048052,train
13,23,4,13.565,0.841605608346333,train
13,24,5,12.164,1.38265324647939,train
13,25,4,13.875,0.374032084185301,train
13,26,6,15.01,1.31089282552007,train
13,27,5,13.35,0.992899793534071,train
13,28,5,14.242,0.882564445238986,eval
13,29,4,13.41,0.689008950111196,train
13,32,4,12.9,1.3465263953348,train
13,33,5,13.292,1.72262009740976,train
13,34,5,14.676,1.10092234058538,train
13,36,6,15.6116666666667,1.14705565107656,train
13,38,5,13.044,0.594037035882444,eval
13,39,6,13.1783333333333,1.15027677828715,eval
13,42,7,12.6828571428571,0.702156542035898,train
13,43,6,15.2783333333333,1.05866740134315,train
13,45,5,14.108,0.739168451707728,train
13,46,5,13.474,1.42633446288029,train
13,49,4,14.445,1.02311615502184,train
13,50,5,15.352,1.75966474079581,train
13,51,4,13.66,0.524213696883246,eval
13,52,6,15.7833333333333,1.07442387662722,eval
13,53,5,14.24,0.26134268690744,train
13,55,5,13.566,0.924245638345132,train
13,56,4,12.3875,1.19803658820032,eval
13,57,5,14.458,2.0960844448638,eval
13,59,6,14.41,0.483445963888417,eval
13,63,5,13.994,0.74688017780632,train
13,65,5,10.778,0.743888432495089,train
13,67,6,13.5016666666667,0.693409450949918,eval
13,68,4,12.925,0.91500455372273,train
13,71,6,15.265,2.48792885750377,train
13,72,6,14.1216666666667,0.578149346334204,eval
13,73,5,13.79,1.55643824162734,eval
13,74,6,15.7083333333333,1.01771148498318,train
13,75,4,14.375,0.492713574672615,eval
13,77,5,12.424,0.491304386302422,eval
13,78,4,12.19,0.654675492133317,eval
13,79,4,11.645,0.760723339986358,train
13,81,6,13.4616666666667,1.2989444432564,eval
13,82,4,12.89,0.436272086355904,train
13,83,5,13.176,0.822423248698625,train
13,85,5,16.328,2.3003521469549,train
13,86,6,14.51,1.25667816086697,train
13,87,6,14.0783333333333,1.06266488916623,eval
13,88,6,14.6933333333333,1.25609978372208,eval
13,89,5,14.298,1.22811644399055,eval
13,90,4,11.565,0.678355855481964,train
13,91,5,13.384,0.611089191526082,eval
13,92,4,13.4775,1.52698777554592,train
13,95,6,12.8816666666667,0.720983125091473,eval
13,96,6,13.7116666666667,0.934503433202183,eval
13,97,4,13.9425,0.994463842144768,eval
13,98,4,15.2125,1.23097183829146,train
13,101,6,13.3183333333333,0.983044590375567,eval
13,103,6,12.3116666666667,0.682624835957986,eval
13,104,6,14.05,0.789607497431477,train
13,105,6,14.4,0.797546236904168,train
13,107,5,13.74,1.65221064032405,train
13,109,5,14.184,0.925299951367123,train
13,110,4,14.1875,2.15343717499877,train
13,111,5,12.952,1.02174850134463,train
13,112,6,15.8816666666667,0.637602279376937,train
13,113,5,14.818,1.49364319701862,train
13,115,5,13.022,0.665409648261881,train
13,117,5,13.966,0.798172913597048,eval
13,118,7,15.2,1.53503528732513,train
13,119,5,13.456,1.42493157730468,train
13,122,5,14.898,0.924321372683765,eval
13,123,6,13.7133333333333,0.995201822077646,train
13,125,4,14.2975,1.57760102687593,train
13,126,4,12.5225,0.690042269236699,eval
13,127,5,13.954,0.473529302155632,train
13,128,7,11.7728571428571,1.82027208850503,train
13,129,5,13.312,0.741026315322202,eval
13,130,6,14.3066666666667,0.905641577373006,train
13,131,5,13.494,1.28153423676467,train
13,133,6,12.54,0.859767410408187,train
13,134,6,14.1133333333333,1.79753905845371,train
14,1,5,14.276,0.645933433102824,test
14,2,5,11.768,1.26537346265836,test
14,3,5,12.834,1.48429444518263,test
14,4,7,11.67,2.08786174510351,test
14,5,5,11.69,1.01904366932924,test
14,6,5,12.962,1.6790681939695,test
14,7,5,12.766,1.32245226756961,test
14,8,6,12.385,0.781914317556598,test
14,9,4,11.235,0.94841973830156,test
14,10,4,11.5325,1.78666122511609,test
14,11,5,12.518,2.03030047037378,test
14,12,6,13.6333333333333,0.943094198193726,test
14,13,7,13.04,2.08975277644669,test
14,14,7,12.6671428571429,1.50164037290019,test
14,15,4,12.8525,0.467787344848062,test
14,16,4,12.5325,0.906141085409257,test
14,17,5,13.272,2.62303640843965,test
14,18,5,12.362,0.742475588824306,test
14,20,4,13.2225,0.700303505631666,test
14,21,5,14.874,1.30064599334331,test
14,22,4,11.48,1.28486056312219,test
14,23,6,12.2716666666667,1.59197257095299,test
14,24,6,11.8016666666667,1.75664927252615,test
14,25,6,13.9966666666667,1.25726157448109,test
14,26,5,12.594,0.947697209028284,test
14,27,4,12.84,1.2336125809994,test
14,28,6,12.2766666666667,1.26904163314947,test
14,29,5,13.274,0.370243163339987,test
14,30,5,12.83,1.09888579934404,test
14,31,4,13.16,1.26998687657261,test
14,32,4,13.66,0.659140854951858,test
14,33,5,12.464,2.4612557770374,test
14,34,7,12.9971428571429,2.34840878245756,test
14,36,6,11.3816666666667,2.27870504161172,test
14,38,5,13.176,2.78907332280813,test
14,39,6,13.4983333333333,0.910371718951477,test
14,40,5,12.83,1.53639187709386,test
14,41,5,10.902,0.717021617526278,test
14,42,4,14.53,1.0563143471524,test
14,43,5,14.616,1.22840547051859,test
14,44,5,12.644,1.1186286247008,test
14,45,4,12.55,0.438710230866191,test
14,46,5,12.488,1.21359795649136,test
14,47,5,14.234,2.37540101877557,test
14,48,6,13.9483333333333,0.773858298829099,test
14,50,6,12.9566666666667,0.705341524842162,test
14,51,5,12.364,1.96216207281662,test
14,52,5,12.664,1.20223957678992,test
14,53,6,11.6116666666667,1.75375501899971,test
14,54,6,12.4966666666667,2.08033330662821,test
14,56,4,11.17,1.15651776178895,test
14,57,4,12.115,0.75914425506619,test
14,58,5,14.222,0.582554718459991,test
14,59,6,12.0316666666667,1.97262684425278,test
14,60,5,11.466,0.925435032835909,test
14,61,5,14.12,0.668281377864145,test
14,62,5,13.358,1.57945243676408,test
14,63,6,12.7033333333333,1.18129872033566,test
14,64,5,13.102,1.56944894787948,test
14,65,4,12.9825,1.64250570775264,test
14,66,4,14.85,1.46756033379665,test
14,67,5,10.926,0.651291025579196,test
14,68,4,12.5925,2.18104523871774,test
14,69,5,10.66,1.429248054048,test
14,70,5,12.138,0.881600816696537,test
14,71,6,11.6683333333333,1.59527322633669,test
14,73,6,12.1483333333333,1.85947752518461,test
14,74,7,13.2171428571429,1.39562070164395,test
14,75,6,13.84,0.871068309606083,test
14,76,6,11.43,0.987684160043077,test
14,77,4,12.5425,0.595168043496961,test
14,78,4,13.905,0.810863737011342,test
14,79,4,13.27,1.73033715404446,test
14,80,5,13.472,0.973894244771987,test
14,81,6,12.5066666666667,1.53374921896204,test
14,82,4,12.535,0.983751323590808,test
14,84,5,14.044,3.92365008633543,test
14,85,5,13.418,1.54902227227371,test
14,86,4,11.8025,0.856674772983696,test
14,87,5,12.908,2.07756347676792,test
14,88,5,13.704,0.77876825821293,test
14,93,6,12.6533333333333,1.49863493442088,test
14,94,6,11.52,1.49556678219329,test
14,95,5,14.458,1.09875839018412,test
14,97,6,12.6133333333333,1.38991606461206,test
14,98,4,12.355,1.09546032942016,test
14,99,5,15.596,1.37356470542891,test
14,100,5,12.35,0.826922003577121,test
14,102,5,13.058,2.1077167741421,test
14,103,6,13.135,1.7068421133778,test
14,105,6,14.29,2.54932932356728,test
14,106,6,13.4666666666667,1.6520613386514,test
14,107,6,12.9283333333333,1.47763888236154,test
14,109,7,12.6914285714286,1.9654128367973,test
14,110,5,13.576,1.25418499432899,test
14,111,5,12.698,1.69378865269549,test
14,112,6,13.3033333333333,0.23980547672367,test
14,113,4,12.7475,1.16138925429849,test
14,115,6,12.2966666666667,0.8067630796378,test
14,116,6,13.355,2.12115770276517,test
14,117,6,13.3766666666667,1.38743888754304,test
14,118,6,14.0833333333333,2.08665921191427,test
14,119,6,12.09,0.678940350840926,test
14,120,6,13.2083333333333,1.53173648734587,test
14,121,5,12.378,1.40947507959524,test
14,122,5,13.002,2.09909980706016,test
14,124,4,12.3825,1.83534510832886,test
14,125,5,11.338,2.15691214471058,test
14,126,5,11.022,0.83424816451701,test
14,127,5,13.59,2.41251942997357,test
14,128,6,12.87,1.67669913818789,test
14,129,5,13.232,1.156036331609,test
14,130,4,12.1125,2.00578122768495,test
14,131,5,10.028,1.14412411914093,test
14,132,6,15.6366666666667,1.05085996529826,test
14,133,7,12.6528571428571,1.3248989179772,test
14,134,5,12.514,1.46317463072594,test
14,135,7,10.9614285714286,1.48658925700666,test
14,136,5,12.488,0.876652724857455,test
14,137,7,12.2742857142857,0.430420613774369,test
14,138,5,12.154,1.46634920806744,test
14,139,5,12.538,0.879329289856764,test
14,140,4,12.6125,1.80655058052632,test
14,142,6,11.5783333333333,1.07328312511968,test
14,143,5,11.614,1.87806549406564,test
14,144,5,16.244,2.121798765199,test
14,145,6,14.8183333333333,0.938305209762083,test
14,146,5,14.264,1.77576180835156,test
14,147,5,15.522,0.78346665532108,test
14,148,5,12.02,0.75538069872085,test
14,149,5,13.716,1.11994642729016,test
14,150,6,11.68,1.48446623403835,test
14,151,5,11.386,0.422587269093616,test
14,152,5,13.01,1.91790250012872,test
14,153,7,11.3471428571429,1.05200941513078,test
14,155,6,11.7433333333333,1.3630211541523,test
14,156,6,12.67,2.78646011993712,test
14,157,4,11.435,1.76781409278992,test
14,158,5,12.564,1.57371534910224,test
14,159,5,14.164,1.13909174345177,test
14,160,5,13.496,1.47328883794048,test
14,161,4,12.125,1.19581213686209,test
14,162,5,12.6,1.07231058933501,test
14,163,5,13.136,0.573959928914902,test
14,164,5,15.464,1.03538881585615,test
14,165,5,11.502,1.97894416293133,test
14,166,6,14.13,1.17504042483652,test
14,167,5,11.098,0.565879845903704,test
14,168,4,15.105,0.398706241068116,test
14,169,6,13.6183333333333,2.19788458902342,test
14,170,5,13.09,0.861713409434946,test
14,172,6,13.3733333333333,2.25330571975191,test
14,173,4,13.415,0.546900356555013,test
14,174,5,13.616,0.866677564034053,test
14,175,5,12.796,1.72539270892165,test
14,176,5,14.57,1.7026450011673,test
14,177,4,14.235,2.15390343330429,test
14,178,6,12.765,1.85071607763049,test
14,179,5,14.738,1.03381332937818,test
14,180,5,11.558,1.00010999395067,test
14,181,5,13.604,1.88165618538563,test
14,182,5,13.6,2.05220612999767,test
14,183,5,13.174,1.7300086704985,test
14,184,6,12.015,1.85573435598956,test
14,185,5,12.206,0.583206652911299,test
14,186,4,12.0925,1.35797336743644,test
14,187,5,14.206,1.53223040042939,test
14,189,6,13.1233333333333,0.874978094963906,test
14,190,6,12.4066666666667,1.63135117821598,test
14,192,6,13.1983333333333,0.639669185334628,test
14,193,4,13.1625,1.81709245774672,test
14,194,6,12.1366666666667,1.51266211252436,test
14,195,4,11.0675,2.36304006172839,test
14,196,6,13.5383333333333,1.79559925001841,test
14,198,4,12.7525,1.49381781575488,test
14,200,6,12.785,1.92136149643944,test
15,1,4,13.155,0.810534802871948,train
15,3,5,13.282,1.39239721344162,train
15,4,4,15.2325,2.63699797749891,eval
15,5,6,12.115,0.925045944804905,train
15,9,6,12.34,1.27021258063365,train
15,10,6,13.585,1.04260730862583,train
15,11,5,13.542,1.27411537939074,eval
15,13,5,12.98,1.11729584264867,eval
15,14,6,11.8666666666667,1.07763939546894,train
15,16,5,14.05,1.8036906608396,eval
15,17,4,13.4825,1.83561751644145,train
15,19,5,11.288,0.920798566462829,train
15,20,4,13.21,0.911153115562911,train
15,21,4,13.2,1.22534348925788,eval
15,22,4,13.9625,1.57112221039612,eval
15,27,4,12.375,1.03966340706981,eval
15,29,4,13.69,1.72530190594767,train
15,34,4,11.77,0.951875341978489,eval
15,35,5,14.188,1.39847059318385,train
15,37,5,12.844,0.552838131825221,eval
15,39,5,11.762,1.5583228163638,train
15,41,4,14.6375,0.622488286369042,eval
15,42,4,12.7325,1.8155141604148,train
15,44,5,10.466,0.838886166294331,eval
15,45,4,13.115,1.34205066968427,train
15,46,5,14.568,1.65614612881835,train
15,47,5,14.018,0.779852550165735,eval
15,48,5,13.62,1.637894990529,train
15,49,4,11.4525,0.94118276652306,train
15,51,4,12.365,0.652201400386926,train
15,52,4,14.0025,1.40488137102983,train
15,54,4,12.2825,1.03898588376679,eval
15,55,4,12.8225,0.882699458101869,train
15,56,6,11.2933333333333,1.80020739545939,train
15,58,4,12.62,1.10063617967065,eval
15,59,6,15.1583333333333,0.93246805128469,eval
15,61,6,14.9416666666667,1.2863345858161,eval
15,62,4,15.8125,0.691297090017503,train
15,63,6,15.1483333333333,1.04738563417046,eval
15,65,4,11.4975,0.844289642243703,train
15,67,5,12.072,2.9014944425244,eval
15,69,4,12.86,0.522494019104525,eval
15,70,4,13.6375,1.41422240118024,train
15,72,5,15.084,2.17524251521526,train
15,73,6,13.6633333333333,1.64877732476725,train
15,74,4,12.25,0.7863841300535,eval
15,75,4,14.4475,1.25953364385395,train
15,76,5,13.944,1.41772000056429,train
15,77,6,12.885,0.775802809997489,eval
15,78,6,11.625,1.07237586694218,eval
15,79,6,13.7433333333333,0.939482126847907,eval
15,81,4,11.95,1.29246534447414,train
15,83,6,12.6483333333333,0.964850592924452,eval
15,85,5,13.228,0.385318050446641,train
15,88,5,12.66,2.01924490837541,train
15,89,6,12.5466666666667,1.56593316162174,eval
15,90,4,12.6625,0.732865380998902,train
15,91,4,14.645,0.560267793113258,eval
15,92,4,12.06,0.530282943342514,train
15,94,5,12.836,1.22365436296366,train
15,95,6,13.6183333333333,0.895553832366691,train
15,96,5,12.764,0.827000604594701,train
15,97,4,11.9625,1.99424797856235,train
15,99,5,11.23,1.57009553849439,train
15,100,5,13.324,0.579249514458148,eval
15,101,5,12.922,0.721228119252154,eval
15,103,4,14.985,0.753060422542574,eval
15,104,4,13.705,1.72335912295339,train
15,105,4,13.5525,1.65080535900915,train
15,106,5,13.754,0.726759932852658,train
15,107,4,14.1825,1.19446989636965,eval
15,110,5,10.314,1.29546516742057,train
15,111,4,12.6325,1.19920459750064,train
15,116,4,12.3425,1.34202272708028,eval
15,118,5,14.264,1.75440303237312,eval
15,124,5,13.926,1.10405162922755,eval
15,126,5,11.318,0.523278128723149,train
15,128,6,13.205,1.79406521620592,train
15,129,5,11.908,0.985225862429524,train
15,130,4,13.98,1.330638944267,eval
15,132,4,11.9475,1.25031662656571,eval
15,133,5,11.096,1.8621842014151,train
15,136,5,11.478,0.642860793640427,train
15,138,4,12.335,0.862805501450549,eval
15,141,4,13.0225,1.02947802307772,train
15,142,5,13.516,1.28398987534949,train
15,143,5,13.082,0.851627852996835,train
15,145,5,12.84,2.11534867102329,eval
15,148,4,13.5175,0.640852297075283,train
15,149,5,16.568,0.918025054124342,train
15,150,6,12.9516666666667,1.10296721015027,eval
15,151,5,12.566,0.52809090126606,eval
15,153,6,13.2783333333333,0.613984256041364,train
15,154,4,12.7125,0.394746754261514,train
15,156,4,14.52,0.475604878023765,eval
15,157,4,14.975,0.543599116997075,train
15,158,4,13.5375,0.875837694248578,eval
15,159,6,11.7883333333333,1.52998583871442,eval
15,161,6,13.6383333333333,1.52364584686425,eval
15,162,4,14.0375,1.2644201569626,train
15,163,4,14.65,1.86,train
15,165,4,13.595,1.3488884312648,eval
15,166,4,10.9275,0.572792865411805,eval
15,167,5,12.156,2.20443416776278,train
15,168,5,15.848,1.80533099458243,eval
15,169,4,12.04,0.960138878843403,eval
15,170,4,12.12,0.995221918300972,train
15,171,4,12.05,1.83097423976053,eval
15,172,6,12.86,1.02898007755252,train
15,173,5,11.91,1.63491589997773,eval
15,174,4,11.2325,0.76216249361056,train
15,176,4,13.5925,1.30836730316834,eval
15,178,4,13.9975,1.00057899904672,train
15,179,4,13.2675,0.917837131521709,train
15,180,5,14.396,1.55155728221681,eval
15,181,4,13.71,0.78311344431485,train
15,183,5,12.426,1.43928107053487,eval
15,185,6,12.2866666666667,1.39385317256398,train
15,189,6,13.895,1.06774060520334,train
15,190,4,12.9175,2.20895714459712,eval
15,193,5,13.446,1.71573016526492,train
15,194,4,13.3575,1.44548434789174,eval
15,195,4,12.35,0.541725637815553,train
15,197,4,12.88,0.888781938010294,eval
15,198,5,12.208,1.7845643726131,eval
15,199,5,13.606,1.21009503759002,train
16,3,5,13.656,2.52510989859847,train
16,4,5,13.708,1.56847696827209,train
16,5,5,12.378,0.846415973384246,train
16,6,6,12.5366666666667,1.05882324618733,eval
16,7,6,13.13,2.19901796263696,train
16,9,5,13.738,1.72225723978737,train
16,10,5,12.968,0.953713793546051,train
16,13,6,13.405,1.59773276864437,train
16,14,5,13.628,1.58460405149047,eval
16,15,5,12.704,2.43645849543964,train
16,16,5,13.558,1.67973807482,train
16,17,5,13.092,1.48856306550982,train
16,18,5,14.622,1.47938162757282,eval
16,19,7,10.86,1.79290267443607,train
16,20,4,14.1725,1.25876593005478,eval
16,22,5,12.77,1.00533576480696,train
16,23,6,11.3783333333333,1.11986457514588,train
16,24,4,14.175,2.32823967838365,train
16,25,5,13.572,2.13676624832947,eval
16,26,6,11.1633333333333,1.38014008950782,train
16,27,5,11.472,1.24304867161346,train
16,28,4,11.9875,1.27935856323915,train
16,29,5,12.032,1.65646309949845,eval
16,30,5,11.154,0.398722961465728,train
16,31,6,12.61,1.30156828480107,eval
16,32,6,11.9266666666667,0.661352150269935,eval
16,33,6,13.0583333333333,1.60129218653769,train
16,34,5,15.748,1.48201551948689,eval
16,36,4,13.8675,1.34680795463446,eval
16,37,7,12.14,1.21260051129793,eval
16,38,4,13.555,1.54215217580281,train
16,39,5,12.926,1.85992741793867,train
16,40,6,14.4233333333333,0.701788192168169,train
16,41,4,13.945,0.9676604087523,eval
16,42,5,11.738,1.47174046625076,eval
16,43,4,13.85,1.59162390867525,train
16,44,4,12.3225,1.89508794870669,train
16,46,5,11.85,0.309596511608254,eval
16,47,4,14.325,1.34958018163674,train
16,49,5,15.064,0.944155707497445,eval
16,50,5,11.938,1.08252944532701,eval
16,51,6,11.7466666666667,1.00145227877651,eval
16,53,5,13.472,1.73783485981839,eval
16,54,4,13.57,0.795948072008051,eval
16,55,5,13.418,1.87549193546653,train
16,56,4,10.9225,0.790880311214451,eval
16,57,5,11.846,1.80314447563139,train
16,58,6,11.9816666666667,1.46229158059077,eval
16,59,6,12.365,1.24797035221194,eval
16,60,7,13.8542857142857,2.69777597996854,train
16,61,6,12.405,1.80602048714847,eval
16,62,7,13.4228571428571,1.35213059386183,train
16,63,4,12.4725,1.75317568999801,train
16,65,6,13.21,1.37174341624081,train
16,67,4,13.8175,0.654796406017423,train
16,68,5,12.422,1.4025583766817,train
16,69,6,12.9816666666667,1.4264279395282,eval
16,70,5,14.25,2.5205356573554,eval
16,71,5,12.672,0.975458866380331,train
16,72,4,12.7875,1.68695732014773,train
16,73,6,12.8766666666667,1.32665996648224,train
16,74,6,13.2383333333333,1.07514495146779,eval
16,75,4,13.0475,0.393054279542491,train
16,76,4,12.32,1.96504452875755,train
16,77,5,14.092,1.6613157436201,eval
16,78,5,13.212,1.5363332971722,train
16,79,5,13.59,1.11474212264541,eval
16,80,5,11.162,1.12074528774383,train
16,81,4,13.3475,2.80331202924921,train
16,82,6,13.9883333333333,1.09548923621671,eval
16,83,4,13.6425,0.812090922659937,train
16,84,7,13.2142857142857,1.54461275775793,eval
16,85,5,13.882,1.13785763608634,eval
16,87,5,12.412,0.843160720147707,eval
16,88,5,16.23,0.693505587576625,train
16,89,6,13.05,0.948746541495673,train
16,91,5,13.734,1.87815867274307,train
16,92,6,14.275,0.84073182406758,train
16,94,5,12.276,1.1990954924442,eval
16,95,5,14.736,2.1870368081036,eval
16,97,4,12.5875,0.633265347228159,train
16,98,6,14.0033333333333,1.28476716437908,eval
16,99,6,14.3766666666667,0.770783151519716,train
16,100,6,12.3016666666667,1.54003138496158,eval
16,103,5,12.126,1.16212305716736,train
16,104,5,13.338,1.02314221885327,train
16,105,5,12.014,2.0117231419855,train
16,106,6,13.2816666666667,1.54170576526997,train
16,107,6,13.49,1.61820888639261,eval
16,108,5,11.23,0.739357829470954,eval
16,109,5,14.372,1.17799405770997,eval
16,110,5,13.03,1.48786760163665,train
16,111,6,13.6516666666667,1.12859942701858,eval
16,112,5,12.736,1.55692967085864,eval
16,113,6,12.865,1.5673129872492,train
16,115,6,12.0133333333333,1.19648930904821,train
16,116,4,13.0775,0.949539362006652,eval
16,117,6,12.91,1.50328972590117,train
16,118,6,14.0783333333333,2.08134972233565,eval
16,119,5,13.646,1.29094151687828,eval
16,120,6,12.765,0.486939421283592,train
16,121,5,11.668,1.34568569881678,train
16,123,4,13.14,0.815883978679976,train
16,124,5,13.572,2.40186802301875,train
16,125,5,15.758,1.78680441011321,eval
16,127,7,12.6771428571429,1.27193703048689,train
16,128,5,11.15,1.14422462829639,train
16,129,6,13.86,1.5783282294884,eval
16,130,5,12.212,1.14661240181676,train
16,131,4,13.48,0.868408506023135,train
16,132,5,12.864,2.40292113894734,train
16,133,6,11.5883333333333,1.85780964220414,eval
16,134,6,12.73,1.34545159704837,eval
16,135,6,11.9733333333333,1.3146051371673,eval
16,136,4,14.065,2.40056243409748,train
16,138,6,11.6416666666667,2.24684148676908,train
16,139,4,13.5625,2.46767603222141,train
16,140,4,13.605,1.56421439280767,train
16,141,6,12.2666666666667,1.24163870214595,train
16,143,5,13.374,1.89708460538796,eval
16,144,6,12.9266666666667,2.26942870931578,eval
16,145,6,14.2333333333333,1.11156946101747,train
16,146,6,12.825,0.584285888927672,eval
16,147,4,13.3125,0.772803338502106,train
16,148,6,13.8633333333333,1.9458125980337,train
16,150,5,13.566,2.22790933388233,eval
16,151,5,11.442,1.31687888585093,eval
16,152,5,11.824,1.48898623230707,train
16,154,4,13.8075,0.651530250001231,train
16,155,4,13.1875,0.935855223846082,train
16,156,5,13.932,1.10003181772165,eval
16,157,5,11.754,1.35798748153287,eval
16,158,4,13.8475,1.28756553231282,train
16,159,6,13.7183333333333,1.15860979914148,train
16,160,5,12.252,2.21573238456272,train
16,161,5,9.786,0.863035341107188,train
16,162,5,14.144,2.22694409449362,train
16,165,7,12.6628571428571,2.97586242001493,train
16,166,4,12.4375,1.92844280876221,train
16,167,5,13.044,1.76406632528372,eval
16,168,4,12.97,2.37959380287197,train
16,169,4,14.1275,2.02947242734001,eval
16,170,6,10.2983333333333,1.87397349678875,eval
16,171,5,14.018,1.4278900517897,train
16,172,4,11.8275,1.32164985277241,train
16,173,6,12.835,0.773013583321794,eval
16,174,5,12.458,1.28342120911258,train
16,175,6,12.5,0.839618961196089,train
16,176,6,11.335,1.58257701234411,eval
16,177,5,12.332,0.970371063047533,train
16,178,4,12.3925,0.76687134948873,train
16,180,5,14.38,1.27665578759507,eval
16,181,5,13.542,1.50572905929321,train
16,182,5,12.27,2.28977073088115,train
16,183,5,12.888,1.50650921006146,train
16,185,7,12.5514285714286,1.17959637971961,train
16,186,5,12.384,1.06619885574878,train
16,187,6,11.9783333333333,1.40093421211228,eval
16,188,4,12.71,1.07334368525029,train
16,189,5,11.61,1.791758912354,train
16,191,6,12.3916666666667,1.26219517772279,train
16,192,6,13.3716666666667,2.02286348196478,train
16,194,6,11.8333333333333,0.974405801843701,train
16,195,4,12.34,1.30187044926393,train
16,196,5,12.928,1.39128358000804,train
16,197,4,12.095,0.815291358963162,train
16,198,7,12.24,1.39317383457102,train
16,199,5,13.758,1.43037407694631,eval
16,200,4,11.8325,1.19170396212035,train
18,1,4,14.495,1.96259182375416,train
18,3,4,15.355,1.91695070359151,train
18,4,5,14.468,0.876281918106267,eval
18,5,4,12.25,0.468472695753623,train
18,6,5,14.596,1.00156377730028,eval
18,7,4,13.27,0.857438044409041,train
18,10,4,14.08,1.29432092877565,eval
18,11,6,12.325,0.924548538477023,train
18,12,6,11.05,1.09272137345254,eval
18,13,6,15.1016666666667,0.631139181691857,train
18,14,6,14.96,1.70949115236084,train
18,15,4,12.8725,0.518933200582374,eval
18,16,4,14.1875,0.37348583194904,train
18,17,5,12.898,1.25070779960789,eval
18,18,5,14.512,0.972789802578131,eval
18,19,5,15.096,1.45925666008417,train
18,21,5,12.56,1.39901751239933,train
18,23,4,12.7925,0.666702082392628,eval
18,24,5,13.92,1.36067997707029,train
18,25,5,12.712,1.12497555528998,eval
18,26,5,14.81,2.25883819694993,train
18,27,5,13.35,1.16766861737395,eval
18,28,6,13.6016666666667,1.07976695016409,train
18,29,5,12.698,1.10416031444714,eval
18,30,6,11.7183333333333,0.933454158845879,eval
18,31,5,13.48,2.07628273604536,eval
18,32,4,13.4125,1.74488538305529,train
18,33,4,13.4875,0.558711314842766,train
18,34,5,14.166,1.1634130822713,eval
18,36,5,13.056,1.03900433107856,train
18,38,5,12.542,1.20167383261849,eval
18,39,4,11.7875,1.02128595407946,eval
18,40,4,13.14,0.657317782101372,eval
18,41,4,13.9925,0.459447131525127,eval
18,42,5,12.602,1.05131822014079,train
18,44,5,11.552,0.561177333825949,train
18,45,4,12.17,1.12697234512062,train
18,46,6,12.7716666666667,1.17078463718425,eval
18,47,6,12.8333333333333,0.821867791476626,train
18,49,5,13.878,1.31368565494185,train
18,50,6,14.1416666666667,0.545652514579257,train
18,51,4,12.59,0.950613836774253,eval
18,52,4,14.975,0.773110600108419,eval
18,53,6,12.8116666666667,0.826496622295982,eval
18,54,5,13.024,1.46711621898199,train
18,55,4,12.91,1.9994165815724,train
18,57,5,14.542,0.973740211760817,train
18,58,6,14.3616666666667,0.827318963076918,train
18,59,6,12.125,1.01993627251902,eval
18,60,4,12.905,0.647585258222164,eval
18,61,5,12.998,1.09332977641698,eval
18,63,6,12.0183333333333,1.08047057649279,eval
18,64,5,13.442,1.77332174181675,train
18,65,5,15.334,0.606242525727121,eval
18,66,5,12.748,0.890460554993875,train
18,67,5,11.996,0.573218980844145,train
18,68,5,15.236,1.69722715038383,train
18,69,5,12.832,1.12788297265275,train
18,70,4,13.675,1.26260313110124,train
18,71,6,13.835,1.53763129520701,eval
18,72,6,14.1616666666667,1.11057492618313,eval
18,73,5,12.924,1.86227817470968,eval
18,74,6,13.4966666666667,0.863195613210972,train
18,75,5,13.318,0.377783006499763,train
18,76,6,12.1183333333333,0.455430199554956,eval
18,77,5,11.366,1.56884671016642,eval
18,78,5,13.144,0.83257432100684,train
18,82,4,11.645,1.00976895047002,train
18,83,4,13.535,0.505338170601298,train
18,84,6,13.13,1.05436236655146,train
18,85,6,14.0933333333333,1.16651046573388,eval
18,86,5,13.3,0.34212570789112,train
18,87,5,13.242,0.619774152413603,eval
18,88,4,12.825,1.20029163122968,train
18,89,5,12.662,0.903753284917958,train
18,90,5,13.282,0.871361004406325,eval
18,92,4,13.125,0.529496616293879,train
18,93,5,14.732,0.814260400609044,train
18,94,5,12.586,0.601481504287538,eval
18,95,5,13.81,1.48359361012374,train
18,96,5,15.274,1.20458706617662,train
18,97,4,12.6925,0.663544773671428,train
18,98,4,15.0675,0.857685839920422,eval
18,99,4,12.4825,0.86453744858161,train
18,100,6,13.44,0.480832611206852,train
18,101,5,13.328,1.42566475722731,eval
18,102,5,13.698,1.03487680426223,train
18,103,4,15.3725,3.53531116027995,train
18,104,5,14.958,0.622952646675491,eval
18,105,6,13.7133333333333,1.40757474638709,train
18,106,5,13.484,0.323697389547707,train
18,107,5,12.764,1.41602612970241,eval
18,108,4,14.895,1.12114524780096,eval
18,110,6,12.5583333333333,0.716530994909967,train
18,112,5,14.582,1.29625229025834,train
18,113,6,12.9683333333333,0.453140890525968,eval
18,114,6,13.5933333333333,1.54384800633568,eval
18,115,5,12.658,0.748712227761775,eval
18,116,5,14.294,1.58138546850539,eval
18,118,4,14.095,0.558002389481145,eval
18,119,5,13.916,0.750253290562594,train
18,120,4,14.2475,1.50373701158148,eval
18,121,5,14.21,0.888819441731559,train
18,122,6,13.58,1.10986485663796,train
18,123,4,13.835,1.31892633102333,eval
18,125,4,13.615,0.288963665535998,train
18,126,4,11.755,1.16500357653242,train
18,127,6,12.7516666666667,1.04931247332082,train
18,128,4,13.87,0.6557438524302,eval
18,131,4,12.93,1.04268883181897,train
18,132,5,13.938,1.12250612470489,train
18,133,5,11.834,0.966322927390217,train
18,135,5,13.128,0.531855243463859,eval
18,137,5,11.414,2.37567464102305,train
18,138,4,13.47,1.08695292753029,train
18,139,4,12.905,1.19288166498889,train
18,140,4,12.355,1.39777203673084,train
18,142,6,13.7316666666667,1.24462711952884,train
18,144,4,13.15,1.52920458626917,eval
18,145,6,13.3516666666667,1.55624441096721,train
18,146,6,13.0033333333333,1.05118346004238,eval
18,147,5,14.2,1.53634306064759,eval
18,148,4,14.7825,0.371696560830651,eval
18,151,4,11.1925,2.02916033537684,train
18,152,5,14.386,0.764905222887124,eval
18,153,5,13.08,1.05482225990922,train
18,154,6,12.47,0.870838676219655,train
18,155,6,12.545,0.829957830254044,eval
18,157,5,11.696,1.45460647599273,train
18,161,4,14.43,2.01348785279011,eval
18,162,4,13.1775,0.914526289033472,train
18,163,4,13.5075,0.900606277274741,train
18,164,4,13.3525,1.19064058388751,eval
18,167,5,12.336,1.6266622267699,eval
18,168,4,13.3075,1.65246028696607,train
18,169,5,10.634,1.06898550036939,eval
18,171,5,14.14,1.47998310801171,train
18,172,5,13.938,0.945737807217201,eval
18,173,4,13.125,1.00626371626262,train
18,174,4,12.795,0.881305849294102,train
18,176,6,12.065,1.77287055365021,train
18,177,5,13.28,0.888735056133154,train
18,178,5,13.09,1.48329026154694,train
18,179,4,13.8175,1.68606791085057,eval
18,180,4,11.89,1.42926554565623,eval
18,181,4,14.3675,0.846221996090072,train
18,182,5,13.524,0.743121793517052,train
18,184,4,14.1825,0.342478709800575,train
18,185,4,14.4725,0.821477327745568,train
18,186,4,15.525,1.46679923643285,train
18,188,5,12.728,0.747509197267833,eval
18,189,5,12.094,0.913608231136301,train
18,190,5,13.768,0.90825106661099,train
18,191,6,13.2983333333333,2.16991628102714,train
18,192,6,12.225,1.84519646650431,train
18,193,5,14.232,0.963260089487777,train
18,194,6,13.8933333333333,0.994538418899273,train
18,195,4,12.6675,0.632686072761735,eval
18,196,5,13.444,0.564561776956252,train
18,197,4,12.6925,0.720202517814723,train
18,198,4,11.865,1.47793775241043,train
18,199,6,13.2,0.789151443006981,train
18,200,5,14.166,0.986802918520208,train
19,2,4,13.905,0.986390727179988,train
19,3,4,14.365,1.42334113971317,train
19,4,5,11.396,0.732959753328926,train
19,5,6,12.3916666666667,0.986578261805249,train
19,6,4,12.99,1.22968830739067,train
19,7,6,13.8983333333333,1.07687356113272,train
19,8,5,13.366,2.07425408279699,train
19,9,6,14.2466666666667,0.506938523557509,train
19,10,4,14.2775,1.26220376062399,eval
19,11,5,14.78,1.29284569844974,eval
19,12,5,13.238,1.1877373447021,train
19,13,4,15.9625,1.6235224051426,train
19,14,5,14.592,0.19715476154534,train
19,16,6,11.98,1.04111478713925,train
19,18,5,13.964,1.940123707396,eval
19,19,6,12.3383333333333,1.80150400129077,eval
19,20,5,12.38,0.841872912024137,eval
19,21,6,11.6983333333333,1.10714798769933,eval
19,22,5,12.848,1.97685861912277,train
19,23,4,12.395,0.886998684704022,train
19,24,4,13.0825,0.892052875861814,train
19,25,4,13.805,1.35081456906564,eval
19,27,6,14.89,1.88004255270991,train
19,28,5,12.486,1.60378614534482,eval
19,29,6,13.74,0.774002583975015,train
19,30,4,12.745,2.55151588929666,eval
19,31,5,11.568,1.85034321140701,train
19,33,4,13.8725,0.398110118769501,eval
19,34,4,11.46,1.37144692448037,train
19,35,5,15.238,1.73393194791491,train
19,36,5,12.934,0.967744801071026,eval
19,37,4,12.78,1.58229790705375,train
19,38,6,13.1433333333333,1.80930557581263,eval
19,39,6,13.7116666666667,1.43196950619302,train
19,40,4,14.6125,1.79223091890154,train
19,41,5,13.79,1.01466743320164,train
19,42,6,12.145,1.75953118756105,eval
19,43,4,12.9675,1.50103020178365,train
19,44,5,12.492,2.40948542224268,train
19,45,6,13.6583333333333,2.12438618585856,eval
19,46,4,11.845,1.3113224876691,eval
19,47,6,14.57,1.24275500401326,train
19,48,5,14.19,2.1727747237116,train
19,49,6,13.5133333333333,1.15416925390805,train
19,51,6,13.1383333333333,1.56830375459178,train
19,52,4,14.3575,0.761243500245925,train
19,53,6,16.7416666666667,1.71596522886295,eval
19,54,4,13.4225,0.913359184548992,train
19,55,5,12.342,1.2576048664028,train
19,56,6,12.8783333333333,1.37461873501952,train
19,58,4,11.98,1.08200431299202,train
19,59,4,12.155,1.16007183685609,train
19,60,4,13.735,1.39297044716199,eval
19,62,6,12.9033333333333,0.865694326345429,train
19,63,5,12.636,0.859726700760189,train
19,64,6,13.1883333333333,1.10546671893217,train
19,65,4,12.86,0.975465700746742,train
19,66,5,12.778,1.28264180502586,train
19,67,6,13.9416666666667,1.01385238899293,eval
19,68,5,15.5,1.87114937939225,eval
19,69,5,11.678,1.26983069737662,train
19,71,4,13.04,0.597717882170733,eval
19,72,4,14.215,0.410081292753847,train
19,73,6,13.7833333333333,1.26265857089978,eval
19,75,4,13.1175,1.09433008426769,eval
19,76,4,13.835,1.22633600615818,train
19,77,5,15.092,2.23297335407299,eval
19,78,4,12.755,0.49291649056069,train
19,80,6,11.8933333333333,1.14732151843617,train
19,81,4,14.7325,1.53099912910927,train
19,83,4,13.17,1.37692894999464,train
19,84,5,12.158,1.20173624394041,train
19,85,4,12.8775,0.580768169467531,train
19,86,5,13.16,0.537680202350802,train
19,87,5,12.52,0.915341466339202,eval
19,88,5,13.32,1.98092150273553,train
19,89,6,14.285,2.54472591844387,train
19,90,4,11.405,1.15534987485754,train
19,93,5,12.764,1.43773432872697,eval
19,94,4,14.84,1.93277003288027,eval
19,95,4,14.6575,1.00986385220979,eval
19,96,5,13.336,1.18151597534693,eval
19,97,6,13.2283333333333,1.33550614624818,train
19,98,5,13.642,0.918923282978509,train
19,101,4,13.7925,1.16939799327118,eval
19,102,5,14.378,0.698620068420597,train
19,103,6,13.2416666666667,1.26246452095363,eval
19,104,6,13.8883333333333,0.999448181081274,train
19,105,4,14.555,1.33941529531857,train
19,106,4,13.285,1.48435171034361,train
19,107,4,12.29,0.968435163894139,train
19,108,4,13.28,0.835942581760255,train
19,109,4,13.555,2.57827461687075,train
19,110,5,14.218,1.26904294647581,train
19,111,6,13.05,1.55115440881944,train
19,112,5,12.42,0.978698114844409,eval
19,113,4,13.6525,1.44440010615711,train
19,114,6,12.4866666666667,1.31219917187394,train
19,118,6,12.9983333333333,0.934182351934924,train
19,121,4,12.7725,1.28209139039826,eval
19,122,4,15.5275,1.3927042040577,eval
19,123,4,12.755,0.851841143249922,train
19,124,5,12.174,0.94354650123881,train
19,125,6,12.875,1.16627183795203,train
19,126,6,12.425,1.00774500742995,eval
19,127,5,12.974,1.21129269790584,train
19,128,4,14.3725,0.979536454996274,train
19,129,6,13.7316666666667,1.99311230658653,train
19,130,6,15.235,1.39991071143841,eval
19,131,6,14.6666666666667,1.66277679400053,train
19,132,5,12.914,1.17338399511839,eval
19,133,4,12.4225,1.19407914310568,train
19,135,5,12.794,1.18502320652382,eval
19,136,5,15.1,0.879460061628724,eval
19,137,6,14.1333333333333,1.89696248425388,train
19,138,5,13.472,1.49255485661332,train
19,140,6,13.145,0.558632258288044,train
19,141,6,14.625,0.877217190894022,train
19,142,5,13.506,1.29014727841437,eval
19,143,5,12.578,1.01563773068944,train
19,145,5,11.792,0.753239669693518,eval
19,146,6,12.935,0.855026315384503,train
19,147,4,14.655,0.791054149010462,train
19,148,5,13.152,1.6245060787821,train
19,149,4,12.51,0.767984374841051,train
19,150,6,11.99,0.984520187705666,train
19,151,4,12.63,0.314430702487316,train
19,152,5,11.59,1.00107442280782,eval
19,153,6,13.4716666666667,1.01029533635797,train
19,154,5,12.914,1.26569348580136,eval
19,155,6,13.6366666666667,2.21722950247977,eval
19,156,5,13.616,1.63784309382798,train
19,158,5,12.398,1.69167668305737,train
19,159,5,13.804,1.778912589196,eval
19,161,5,12.696,1.0493474162545,train
19,162,5,12.906,0.700663970816254,train
19,163,5,13.248,0.823450059202135,train
19,164,6,13.8383333333333,1.55922309714379,train
19,166,4,12.7675,0.812337163169743,train
19,167,5,12.376,1.10522848316536,train
19,169,4,12.365,0.485626742811115,train
19,170,5,12.568,0.490632245169435,train
19,171,6,12.9516666666667,1.33460730803734,train
19,172,6,13.0933333333333,1.49733986344673,eval
19,173,6,12.6383333333333,0.869009014145806,train
19,174,4,13.8775,1.4227994705275,train
19,175,5,12.732,1.27364437736756,train
19,176,6,10.845,1.70019704740362,eval
19,177,6,13.8166666666667,1.65450496120944,train
19,178,5,11.882,1.75367328770213,train
19,179,5,13.304,1.96619683653494,train
19,181,5,12.13,0.895153618101385,eval
19,182,4,12.5325,1.28909205774193,train
19,183,4,12.8525,0.680067398620656,train
19,184,5,12.838,0.904029866763261,train
19,185,4,12.625,0.719930552206253,train
19,186,6,12.7683333333333,0.637915877421676,eval
19,187,4,12.4375,1.93837345902864,eval
19,188,5,13.284,0.99553000959288,eval
19,189,4,11.8225,1.44672906931464,eval
19,191,5,14.594,1.88061957875589,train
19,192,5,11.444,1.21730439907198,train
19,194,5,12.716,0.558506938184299,eval
19,196,6,12.6433333333333,1.48568727081666,train
19,197,4,13.2075,0.821030856099006,train
19,198,5,14.724,1.31604711161873,train
19,199,5,12.956,2.174702278474,train
19,200,5,13.262,0.678321457717504,train
20,1,4,13.085,2.59178831440121,eval
20,2,5,13.674,0.686243397053844,train
20,4,6,14.2516666666667,1.59988020384861,train
20,6,5,14.632,1.69213474640763,eval
20,7,6,15.4333333333333,1.40959095721655,train
20,8,5,12.848,0.464187462131411,eval
20,9,6,12.4733333333333,1.02714491025691,eval
20,10,5,13.9,1.57192557075709,train
20,11,4,14.7,0.617143959434642,train
20,12,5,13.788,0.683644644533986,eval
20,13,4,14.9325,0.955662946161808,train
20,16,6,13.7233333333333,1.25224065844656,train
20,18,6,14.1266666666667,0.810226305834775,train
20,19,5,14.872,1.82668278581696,train
20,20,4,12.135,1.61968103855872,train
20,21,5,12.728,1.52701342495736,eval
20,22,6,14.0433333333333,1.27286553361565,eval
20,23,6,14.6383333333333,0.945080243506691,train
20,25,5,14.932,1.7648427692007,train
20,27,6,14.7333333333333,1.38741005714485,train
20,28,5,13.438,1.62062333686764,eval
20,29,5,12.912,0.741464766526367,train
20,30,6,12.1366666666667,1.13360780990017,train
20,31,5,13.202,0.805959056032005,train
20,32,6,13.04,0.37831204051682,train
20,33,4,12.845,2.40142318913875,train
20,34,5,13.59,1.4672423112765,eval
20,35,5,13.82,1.00304536288246,train
20,36,5,16.32,1.37218803376214,train
20,37,5,14.694,1.55891949760082,train
20,40,4,13.1975,0.516163733712472,eval
20,41,4,13.65,1.10679718105893,train
20,42,5,14.774,2.15782992842346,train
20,43,4,15.4175,0.565766441799676,eval
20,44,4,13.57,0.730342385460409,train
20,46,6,12.7516666666667,0.833676595969124,train
20,47,5,13.444,0.828027777311848,eval
20,48,5,12.12,0.919021218471043,train
20,49,5,13.578,0.894074940930569,eval
20,50,6,14.0633333333333,1.17936706188814,train
20,52,5,15.712,1.24852713226425,eval
20,54,5,14.2,1.04359954005356,eval
20,55,4,13.1225,1.07155261186747,eval
20,58,5,14.368,1.56456703276018,eval
20,59,5,16.442,1.99018089630064,train
20,60,6,12.815,1.40071053397909,train
20,61,6,12.8833333333333,0.423918231109098,train
20,62,4,13.75,1.13028020124805,train
20,63,6,12.85,1.5778339583112,train
20,66,6,14.6566666666667,1.82264276989943,train
20,67,5,13.01,1.24981998703813,eval
20,68,5,15.4,1.0303397497913,train
20,69,4,13.37,1.00309520983803,train
20,71,5,13.73,1.61296311179146,train
20,74,4,12.46,0.304740326617051,eval
20,75,5,11.898,1.27207311110643,eval
20,76,6,12.1933333333333,1.47198731878596,train
20,79,5,13.686,0.429453140633527,train
20,80,5,13.608,1.14429891199808,train
20,81,5,14.86,0.866977508358781,train
20,83,5,13.722,1.08012499276704,eval
20,84,6,12.77,0.799074464615157,eval
20,85,4,15.4775,1.4384337547022,train
20,86,5,12.09,0.64035146599348,train
20,87,5,13.576,1.41772000056429,train
20,88,5,14.712,1.18910470522995,eval
20,89,5,12.536,1.09969541237563,train
20,91,6,14.0383333333333,0.624096680544502,train
20,92,5,12.792,1.37801306234738,eval
20,93,5,14.382,1.70427990658812,eval
20,94,4,14.93,1.43320154432887,train
20,95,5,12.736,0.920070649461225,train
20,96,5,12.15,2.4577937260885,train
20,99,4,11.9,1.66987025444095,train
20,100,5,15.512,1.41517490085148,eval
20,101,4,13.8525,0.732819896018115,eval
20,102,6,12.1,0.882428467355853,eval
20,103,5,13.324,1.90665413748797,train
20,104,4,14.755,1.87304564813568,eval
20,105,5,16.204,1.76487393317483,eval
20,106,6,13.62,0.938616002420586,eval
20,107,6,14.6766666666667,1.00376624104752,eval
20,108,4,14.2,1.57913478419882,train
20,109,5,13.598,1.66622927594014,train
20,110,4,13.87,0.426692707538653,train
20,111,6,14.9683333333333,1.45418591200254,eval
20,113,4,13.0375,1.77092019394814,train
20,114,5,11.95,2.80591339852106,train
20,115,5,15.322,0.923103461156982,train
20,116,5,14.922,1.41879173947412,train
20,117,5,13.678,1.17776058687664,eval
20,118,5,12.734,0.585687630055476,train
20,120,5,12.536,2.20360613540623,train
20,121,6,13.515,0.732850598689801,train
20,122,4,14.2575,0.436377130473172,train
20,123,6,12.2466666666667,1.17746620616758,eval
20,125,4,14.1975,1.51961343768736,train
20,126,4,15.14,0.695317673201729,train
20,127,4,13.9675,1.37342333847458,train
20,128,6,13.875,1.173349905186,eval
20,129,6,14.2,1.64121905911429,eval
20,131,5,12.116,1.66037044059451,eval
20,132,4,13.9125,3.17961606696993,train
20,134,6,12.94,0.972933707916423,train
20,135,5,14.234,0.793271706289843,eval
20,136,4,15.3725,0.445224662389675,eval
20,138,5,13.114,1.22066784999032,train
20,139,6,14.05,2.24729170336207,eval
20,140,4,14.545,0.542494239600754,eval
20,141,6,12.4566666666667,2.18503699434739,eval
20,142,4,13.065,0.887900144535784,eval
20,143,5,15.356,0.491863802286771,train
20,144,5,13.432,0.73910080503271,train
20,145,4,13.68,0.63166446789415,train
20,146,5,13.964,0.973077591973014,train
20,147,4,12.7225,1.28073871912528,train
20,148,5,13.784,0.949831564015431,train
20,149,4,13.28,1.65656270632898,train
20,150,4,12.96,1.32720257182793,eval
20,151,5,15.13,1.41497349798503,train
20,152,6,13.6966666666667,1.01138848454324,eval
20,153,5,13.166,1.32347270466753,train
20,155,4,13.195,4.59674159958262,eval
20,157,4,15.9275,0.967931643591977,train
20,158,4,13.57,0.527699409386316,train
20,161,4,12.4925,1.07428658497938,eval
20,163,4,14.1,1.23485491725412,train
20,165,4,13.6825,1.33951172696123,eval
20,166,5,14.272,0.412637855752474,eval
20,167,6,15.8283333333333,1.74877576225961,eval
20,168,5,14.782,1.01203754871052,train
20,169,5,13.8,1.92573362643955,eval
20,170,6,15.75,1.3173761801399,train
20,171,5,11.936,0.472683826674871,train
20,172,4,12.025,1.50504706460186,eval
20,175,6,15.4833333333333,0.822354343739162,train
20,176,4,14.405,2.11711281387333,train
20,179,5,16.122,1.68183530703812,train
20,180,5,14.444,0.845535333383531,train
20,181,5,12.894,1.89173993984374,eval
20,182,4,11.8325,1.41711855537919,train
20,183,5,13.612,1.55181184426463,train
20,185,4,14.0425,1.25810373181229,train
20,186,4,17.9375,1.47425404866326,train
20,187,6,11.8516666666667,0.705164283459299,eval
20,188,5,15.1,1.31819952966158,train
20,189,4,12.96,0.695317673201729,eval
20,191,6,11.3083333333333,1.1489371900442,eval
20,192,6,12.8116666666667,1.29071168998606,train
20,194,6,13.7933333333333,1.2195026308568,train
20,195,5,14.624,1.01935273580837,train
20,196,4,14.32,1.4881532179181,eval
20,197,6,13.695,1.55121565231917,eval
20,198,5,13.822,1.52923837252405,eval
20,199,5,12.996,1.11127404360941,eval
20,200,4,14.665,1.46019405103112,train
21,1,5,14.282,0.986924515857216,test
21,4,4,13.66,0.904028023164474,test
21,5,4,12.2,0.712787953508381,test
21,6,4,12.5425,1.2194910140437,test
21,8,4,13.88,0.948613022610731,test
21,9,5,12.416,0.96851948870428,test
21,11,4,11.5025,1.12405145196591,test
21,12,6,13.6216666666667,1.1826988909552,test
21,13,6,14.0816666666667,0.872362692156575,test
21,15,5,16.298,0.94104728892867,test
21,16,6,12.6683333333333,1.67887363034466,test
21,17,4,13.435,1.22513944784529,test
21,19,4,13.505,0.625486477338506,test
21,22,4,11.59,0.495109415516745,test
21,23,6,14.315,1.06206873600535,test
21,24,5,13.304,1.65762782312557,test
21,25,5,12.798,0.937320649511148,test
21,26,5,12.876,2.29987608361842,test
21,27,5,13.078,0.834907180469781,test
21,28,4,13.5025,1.72391753476396,test
21,29,5,12.376,1.78777235687321,test
21,30,5,14.776,1.95578117385356,test
21,31,5,12.04,0.732734604068895,test
21,32,5,13.686,1.63536846001138,test
21,33,6,13.885,1.33440248800727,test
21,34,4,12.7575,1.48313575463161,test
21,35,6,13.1666666666667,0.69643855914694,test
21,36,4,12.9,0.830983353222755,test
21,37,4,13.1975,1.63444944859118,test
21,38,5,12.7,1.47673626623037,test
21,39,6,13.9833333333333,1.28526521257936,test
21,40,6,13.31,1.36607466853024,test
21,42,6,12.9666666666667,0.581090928054006,test
21,43,4,11.86,0.344770455037358,test
21,44,6,14.1983333333333,2.53629191274716,test
21,45,5,14.852,1.25953165899075,test
21,46,5,13.09,0.811664955508121,test
21,48,5,12.35,0.749266307797168,test
21,49,4,12.0225,1.08512288090643,test
21,51,4,9.925,0.548786540165361,test
21,52,6,13.1383333333333,0.688604869766884,test
21,53,5,13.806,1.71284266644663,test
21,54,6,13.205,0.935259322327236,test
21,55,4,13.3175,0.915619098388261,test
21,57,4,14.0025,1.43803975373886,test
21,58,5,12.688,0.957115458030012,test
21,59,4,13.7775,1.09621697973835,test
21,62,5,14.512,1.02911126706494,test
21,63,5,13.914,1.63449686448154,test
21,64,5,12.008,0.766792018737806,test
21,65,5,15.83,0.947153630621769,test
21,66,5,13.688,1.87939351919708,test
21,67,6,12.0216666666667,1.37581127581753,test
21,69,4,14.5725,0.500158308271824,test
21,71,4,13.1425,1.37240360924426,test
21,72,4,13.935,0.413642357598929,test
21,73,6,13.7083333333333,0.953507559837187,test
21,74,5,11.416,1.23325990772424,test
21,75,6,12.045,2.07677394051447,test
21,76,4,13.7575,1.61493807930831,test
21,77,6,12.975,0.523325902282698,test
21,78,4,15.1125,1.75678446790341,test
21,79,5,12.886,1.41328694892439,test
21,80,6,15.4516666666667,1.30698763064792,test
21,81,6,12.3916666666667,0.920595821556163,test
21,82,5,12.288,0.530018867588693,test
21,83,4,13.55,2.49079639205349,test
21,85,5,13.036,2.17954811830342,test
21,86,4,14.07,1.24343609941699,test
21,87,6,15.1316666666667,1.92700198927418,test
21,88,6,12.0633333333333,1.0367191840931,test
21,90,5,11.29,1.04470091413763,test
21,91,5,12.752,0.657282283345596,test
21,92,5,14.316,1.20458706617662,test
21,93,4,13.1975,2.09716276589746,test
21,96,6,13.5,1.53879173379636,test
21,97,4,13.375,1.71321335507286,test
21,99,5,14.082,2.26516445319098,test
21,101,5,13.052,1.39304343076589,test
21,102,4,11.92,0.789556837726075,test
21,104,6,14.0833333333333,1.44379592279057,test
21,105,4,12.585,1.19617445773321,test
21,106,5,14.71,2.2559587762191,test
21,108,5,11.954,1.13478191737444,test
21,109,4,14.045,1.16977205756791,test
21,110,6,12.8333333333333,0.966947085763573,test
21,111,4,13.1875,0.531875612024716,test
21,112,6,12.2983333333333,1.37061178554201,test
21,113,6,11.855,1.13352106288326,test
21,114,4,13.39,0.962912249376858,test
21,115,6,12.4933333333333,0.849321297664592,test
21,116,4,13.28,0.777303029712351,test
21,117,4,12.4975,1.15819903298181,test
21,118,4,12.975,0.836879123091661,test
21,119,5,14.128,1.05696262942452,test
21,120,4,15.455,0.655515064662895,test
21,122,5,11.792,1.38463713658128,test
21,123,5,12.438,1.10565365282262,test
21,124,5,13.1,1.22953243145514,test
21,125,5,13.552,0.43665776072343,test
21,126,6,13.3183333333333,1.08573323918293,test
21,127,5,9.84,0.487031826475437,test
21,128,5,12.976,0.899738851000666,test
21,129,6,11.71,1.06956065746642,test
21,130,5,13.184,2.05293204953306,test
21,131,6,14.7933333333333,1.39428356752372,test
21,133,4,13.315,1.49689679002929,test
21,134,5,12.496,0.974823060867972,test
21,135,5,12.862,1.12346339504231,test
21,136,4,13.105,1.01579197345388,test
21,137,6,13.8866666666667,0.989194958876493,test
21,138,5,12.684,1.52600131061543,test
21,139,4,13.785,1.16874576648075,test
21,140,4,13.81,1.05422957651548,test
21,141,4,13.9475,0.567237457625405,test
21,144,4,12.18,2.48825239877308,test
21,147,4,12.305,0.799562380305627,test
21,150,6,13.395,0.980810889009701,test
21,151,4,13.655,1.0030785944614,test
21,153,5,14.888,1.25044791974716,test
21,156,6,13.1416666666667,1.05689009204679,test
21,157,5,14.21,0.941674041269059,test
21,158,6,13.4533333333333,0.724007366445029,test
21,159,4,10.6425,1.01670628338113,test
21,160,5,13.368,0.548333839918712,test
21,161,4,14.2725,1.58072504461297,test
21,162,5,12.132,1.15966374436731,test
21,163,5,13.126,1.11954455025247,test
21,166,4,13.64,0.533104117410474,test
21,167,6,12.7416666666667,1.77938659842842,test
21,169,5,13.132,0.663829797463175,test
21,170,4,14.055,1.4920344053227,test
21,172,6,13.3633333333333,0.832001602562559,test
21,173,5,12.736,1.36865992854325,test
21,174,4,11.0275,1.15202358193456,test
21,176,4,11.375,0.623671922301034,test
21,177,4,11.6825,1.08013502242389,test
21,178,6,12.6266666666667,0.894911541252356,test
21,180,5,12.278,0.960140614701826,test
21,181,6,12.855,2.14986278631916,test
21,183,5,15.876,1.3889492431331,test
21,184,5,15.046,0.946694248424484,test
21,185,4,13.1025,1.78587746873444,test
21,187,6,11.9333333333333,1.36753305871071,test
21,188,6,14.6866666666667,0.831857359567532,test
21,189,5,13.3,1.21249742267767,test
21,190,4,13.4275,1.37247647217235,test
21,191,5,13.152,1.42222361111043,test
21,192,5,13.262,0.837269371230072,test
21,193,6,12.6516666666667,1.23559567280995,test
21,194,5,13.246,1.25294852248606,test
21,196,6,14.0316666666667,1.09144705170094,test
21,197,4,15.74,1.2999487169372,test
21,198,5,13.07,1.02166530723129,test
21,199,5,13.78,0.535116809678036,test
21,200,6,10.96,1.09863551735778,test
22,1,5,13.132,1.03774756082585,test
22,2,4,13.365,1.40334125096737,test
22,4,5,12.908,1.95604703419933,test
22,5,6,12.2983333333333,0.865272596738546,test
22,6,5,13.694,2.3038077176709,test
22,7,5,12.758,1.66612424506698,test
22,9,6,14.2633333333333,1.5315177657039,test
22,10,5,14.684,1.1577478136451,test
22,11,5,14.206,1.63765991585555,test
22,12,5,15.19,0.634862189770347,test
22,13,5,12.79,0.981554888938973,test
22,14,5,15.676,2.31169418392658,test
22,15,6,12.755,1.38307989646296,test
22,16,6,13.5566666666667,1.44870516899287,test
22,17,4,13.3925,1.64755121316456,test
22,18,6,13.8,0.908162980967623,test
22,19,5,12.256,0.988245920811212,test
22,20,4,14.1,0.774252327517759,test
22,21,6,14.1816666666667,0.837219604803104,test
22,23,5,14.566,1.0408313984503,test
22,25,6,15.0266666666667,0.908287766441158,test
22,28,5,14.91,1.39935699519458,test
22,29,5,12.762,0.843368246971629,test
22,30,4,15.2425,0.718905417979305,test
22,31,6,14.65,1.13555272885058,test
22,33,6,13.8616666666667,0.959550241866817,test
22,34,4,12.56,0.250998007960222,test
22,35,4,14.3175,0.659564250092438,test
22,36,4,15.565,1.27693643799003,test
22,37,4,13.15,1.28626073043791,test
22,38,6,13.2916666666667,1.79952678964962,test
22,39,4,12.615,0.898906743401858,test
22,40,4,14.2725,1.10022346215061,test
22,42,4,14.795,1.85886165882958,test
22,43,6,12.9916666666667,1.01820266482988,test
22,44,4,15.805,0.267145403603855,test
22,46,5,13.314,0.787356336102022,test
22,47,4,13.7725,1.31266586253573,test
22,48,4,12.45,0.674339182706547,test
22,50,4,14.58,1.69790066454627,test
22,53,4,14.38,0.775800661682282,test
22,57,6,14.1166666666667,0.881944820647338,test
22,58,4,13.6475,2.21704570694126,test
22,59,5,14.846,2.17093988861967,test
22,60,4,12.95,0.981257696360475,test
22,61,6,15.1366666666667,0.833058621386674,test
22,62,4,14.1525,1.74589757240605,test
22,64,5,13.108,1.74192996414896,test
22,70,4,14.0225,1.74073499802047,test
22,71,5,15.07,1.43956590679274,test
22,72,6,13.7116666666667,0.985969911643691,test
22,73,5,13.026,1.53014051642325,test
22,75,5,15.202,0.818700189324517,test
22,76,4,13.8725,2.22555423808692,test
22,77,5,15.386,0.422409753675267,test
22,78,4,14.565,0.473743953347516,test
22,80,6,14.3333333333333,1.09990302602851,test
22,81,6,13.3816666666667,1.13075933189458,test
22,83,6,13.1133333333333,1.89985964393864,test
22,84,5,14.176,1.36818492902093,test
22,85,4,13.9975,0.939516719737689,test
22,87,5,14.46,1.23543514601131,test
22,88,4,15.3175,1.75247206349583,test
22,89,6,13.9466666666667,3.00382866799468,test
22,90,5,14.49,1.69898499110498,test
22,91,5,15.754,0.944155707497444,test
22,94,7,14.1728571428571,1.88977700876509,test
22,95,5,13.648,0.966317753122646,test
22,96,5,13.892,0.738830156395907,test
22,97,4,11.2575,0.967828324997087,test
22,98,4,13.6675,1.91313660428801,test
22,99,5,14.032,1.52169970756388,test
22,100,4,13.185,0.914421492894096,test
22,101,4,12.645,0.949578854018981,test
22,103,4,14.4325,2.8940326535822,test
22,104,4,13.85,2.49035472707538,test
22,105,6,14.1466666666667,2.13902469987297,test
22,108,5,13.512,2.3134973524947,test
22,109,4,13.835,0.688016472671016,test
22,110,6,14.875,1.08459669923894,test
22,112,4,13.45,1.0294658809305,test
22,113,6,13.365,0.914434251327016,test
22,114,6,13.42,1.33998507454374,test
22,115,5,13.162,1.42334816541843,test
22,117,4,13.415,0.74844282792119,test
22,119,4,15.8325,2.32991237317343,test
22,120,4,12.865,1.92014756377385,test
22,121,5,15.452,1.33756121355249,test
22,123,4,14.2375,1.03895380070531,test
22,124,7,13.0128571428571,0.965206614939936,test
22,125,5,13.442,2.17946553081254,test
22,126,4,11.6025,1.26254702882705,test
22,130,4,13.625,2.05402856195656,test
22,131,4,12.7625,2.59186387245421,test
22,132,5,14.602,1.43421407049296,test
22,134,4,12.2975,0.531311270976502,test
22,136,5,13.18,2.33772325137087,test
22,137,4,15.275,0.872410453857587,test
22,140,4,15.4175,0.683099553505929,test
22,141,5,13.118,1.06147067788046,test
22,142,4,14.9425,1.92621173983201,test
22,145,4,14.2875,1.39418733796192,test
22,147,4,13.6175,0.875837694248579,test
22,151,6,12.7883333333333,0.702407763814344,test
22,152,5,14.506,0.418843646245231,test
22,153,5,15.406,1.94928961419282,test
22,154,4,13.59,1.6647121873365,test
22,155,4,16.28,1.60424437041244,test
22,156,4,13.2275,1.22722926410132,test
22,157,4,13.395,2.16772538236127,test
22,158,4,14.8075,3.13114861778656,test
22,159,5,13.286,0.368822450509727,test
22,160,5,14.156,0.944526336318898,test
22,161,5,15.096,0.573088125858493,test
22,162,4,13.5275,0.592867326361191,test
22,163,5,13.954,0.666768325582432,test
22,164,5,14.556,2.04977559747403,test
22,165,4,12.3175,1.1819863225379,test
22,166,6,14.43,1.16001724125118,test
22,167,4,15.12,0.971287804927047,test
22,168,4,14.59,1.23938156621222,test
22,169,4,14.98,1.37110660903277,test
22,170,4,13.5325,1.64781420878286,test
22,171,4,12.6275,0.609227653125934,test
22,172,4,13.04,0.94134655325939,test
22,173,5,14.754,0.551570485069678,test
22,174,6,13.3033333333333,1.70131321827189,test
22,175,5,15.516,1.46072926991965,test
22,176,5,13.336,0.612682625834942,test
22,177,4,12.435,1.21299903819693,test
22,178,4,12.885,1.54336213076085,test
22,180,5,12.724,1.65280972891619,test
22,181,4,13.7225,0.383090502797098,test
22,183,5,13.268,0.924050864400873,test
22,184,6,13.15,0.485180378828328,test
22,185,5,13.516,0.876087895133816,test
22,186,4,14.3575,1.922348823705,test
22,188,4,13.3325,0.607529148820587,test
22,190,4,14.05,2.41554686699858,test
22,191,4,14.945,0.600583050043872,test
22,192,6,13.9633333333333,1.72841738786286,test
22,193,6,14.1233333333333,1.37309383024856,test
22,194,6,14.8916666666667,0.758983969966868,test
22,196,4,13.9825,0.216236752966126,test
22,197,4,12.655,0.844136639808192,test
22,198,4,15.605,0.812465383877984,test
22,199,5,14.062,1.76295774197795,test
22,200,4,13.895,0.424303350603472,test
23,1,5,12.454,1.66333400133587,test
23,3,5,14.586,2.47703048023233,test
23,4,5,14.146,1.23680232858772,test
23,6,4,13.6075,2.9188739267053,test
23,7,4,14.83,0.429495828462473,test
23,8,4,13.795,1.53106716595539,test
23,9,5,14.174,0.745841806283343,test
23,10,4,14.1175,1.77454923853919,test
23,13,4,14.9775,1.21741187223826,test
23,14,5,15.434,0.878965300794065,test
23,15,5,12.428,1.6238134129265,test
23,17,5,15.044,0.451807481124428,test
23,18,4,12.95,1.85287164513178,test
23,19,4,14.19,1.3383073887066,test
23,20,4,15.9925,2.28546676487175,test
23,22,5,12.878,0.950299952646531,test
23,23,4,13.5125,0.72555151436683,test
23,24,5,14.152,2.77398089395006,test
23,25,4,14.03,1.35919093581439,test
23,26,4,13.895,0.768656837173347,test
23,27,4,11.6225,1.19371618625758,test
23,29,7,11.82,1.10654115754152,test
23,30,6,13.465,0.682488095134267,test
23,31,6,15.2116666666667,1.28751569569721,test
23,32,5,13.754,1.60593586422372,test
23,33,6,13.1633333333333,1.93187646257898,test
23,35,4,13.18,1.37784856448982,test
23,36,5,12.344,1.01127642116288,test
23,38,5,13.266,1.40777483995133,test
23,39,4,13.465,1.48073180105874,test
23,41,7,13.3428571428571,0.808078261179248,test
23,43,4,13.3075,1.83354619976336,test
23,45,4,11.9875,1.83659785110042,test
23,46,6,12.8716666666667,1.06253313673818,test
23,47,5,14.89,1.30799464830709,test
23,48,4,13.53,2.65781865446083,test
23,49,5,15.204,1.64664203760259,test
23,52,6,15.37,1.4853821057223,test
23,53,6,12.3683333333333,2.52476863626485,test
23,54,4,13.0075,2.13546833270831,test
23,55,4,11.9975,1.62333761121955,test
23,57,6,14.545,1.40605476422506,test
23,60,4,14.8975,0.223811676788023,test
23,63,4,14.3375,1.17142007836643,test
23,65,5,14.646,2.06198448102792,test
23,66,6,15.2683333333333,1.94897323395337,test
23,68,4,14.4975,1.13702462594264,test
23,69,4,13.495,1.76284807437661,test
23,71,4,11.37,1.71617792395389,test
23,74,5,12.686,2.65320183928777,test
23,75,4,16.38,2.5992050066639,test
23,78,4,13.165,1.5733721746618,test
23,80,4,13.4575,1.57120707313411,test
23,84,5,15.178,3.58963368604653,test
23,85,4,14.3025,2.08250450179585,test
23,87,6,14.7583333333333,2.44820274214916,test
23,91,4,11.935,0.360231407107524,test
23,94,6,14.2666666666667,1.80657318331328,test
23,95,4,13.84,1.72572689998543,test
23,96,4,12.94,2.13086836759102,test
23,97,4,13.7225,1.27028540100247,test
23,99,5,14.564,2.26915843430995,test
23,102,5,13.866,1.72418966474109,test
23,103,5,11.954,2.15663626974972,test
23,104,6,13.345,0.960098953233467,test
23,105,5,14.224,2.09768443765977,test
23,107,4,14.0525,1.82472600682952,test
23,108,6,12.4466666666667,2.26466480227575,test
23,109,5,13.774,1.32496415045842,test
23,110,5,14.23,1.87052131770798,test
23,112,5,13.326,0.678107661068653,test
23,113,5,14.16,1.16972218923982,test
23,114,4,12.37,1.15172334641036,test
23,115,4,11.8875,1.63318451703005,test
23,120,4,13.42,1.24222917907016,test
23,122,4,13.8225,2.36315290801646,test
23,123,4,15.83,1.88896797220069,test
23,124,5,13.536,1.75357634564338,test
23,126,4,13.855,2.70860972948608,test
23,127,4,13.24,2.70688012294597,test
23,128,4,14.0125,3.22742802656646,test
23,129,5,13.382,0.984794394785023,test
23,130,5,13.542,1.70579013949548,test
23,131,7,12.8957142857143,2.30666322598147,test
23,133,5,14.12,2.57239188305359,test
23,136,4,12.5725,2.91195667321248,test
23,137,5,17.564,2.64530338524714,test
23,138,4,12.525,1.73552105528378,test
23,140,4,12.755,1.08423552176945,test
23,141,6,12.3533333333333,1.45324005816887,test
23,142,6,13.1216666666667,2.13208270633826,test
23,143,5,12.828,0.959098535083857,test
23,144,4,14.88,1.34890078706083,test
23,146,5,14.978,2.66633081218367,test
23,147,6,12.8316666666667,1.26328803788632,test
23,152,4,13.995,0.926228913390205,test
23,154,6,12.515,2.20044313718851,test
23,155,5,12.476,1.65382284420067,test
23,156,5,13.264,1.36157262017125,test
23,157,4,14.4275,0.856674772983696,test
23,160,6,14.13,1.63498012220333,test
23,161,7,14.1942857142857,1.88588491291539,test
23,163,5,14.454,2.07129910925487,test
23,164,6,14.3316666666667,1.73694463546386,test
23,165,5,15.362,0.696397874781364,test
23,169,5,17.652,1.04931882666804,test
23,170,6,14.2,1.88616012045637,test
23,171,4,14.2125,1.87966974049521,test
23,172,5,12.936,1.94137322532274,test
23,173,6,14.8383333333333,2.18219537774844,test
23,176,7,12.8642857142857,1.70722833019739,test
23,178,6,11.88,1.23741666386064,test
23,180,4,14.83,1.943519144919,test
23,181,5,15.494,1.89304780710895,test
23,182,6,13.7733333333333,1.52161317905264,test
23,183,4,15.42,1.65212993839266,test
23,184,4,15.0325,1.42820108294782,test
23,185,6,12.26,1.07699582171891,test
23,187,5,14.794,2.41802191884193,test
23,188,4,12.145,0.598915686887562,test
23,189,5,14.078,1.2647015458202,test
23,191,6,13.1166666666667,1.60195713633876,test
23,192,6,12.9416666666667,1.14766574692576,test
23,196,5,13.686,2.42620691615534,test
23,197,6,13.2483333333333,2.80295855600233,test
23,198,6,15.835,0.949541994858574,test
23,199,4,14.8025,0.327859217754613,test
23,200,6,12.9266666666667,1.92179776945096,test
24,2,4,16.2725,1.62031632714109,train
24,4,4,13.695,1.00536892067871,eval
24,6,4,15.9325,1.53571644518121,train
24,10,4,13.5425,1.09365975818198,train
24,11,4,12.7675,2.35922833429351,train
24,12,4,15.65,1.31054695960631,train
24,13,5,12.878,1.49561692956452,train
24,14,4,14.495,1.16757583622364,train
24,16,5,15.386,3.69102695736566,train
24,19,4,14.45,1.08468121276868,train
24,20,6,11.2266666666667,1.05217235596962,train
24,21,5,14.552,0.900288842538882,train
24,22,5,12.516,1.73540485190056,train
24,25,4,14.0675,1.21153827838826,train
24,27,4,13.1525,1.28676273389205,train
24,30,4,14.2025,1.10524130095348,train
24,34,4,13.4975,2.02046818006784,eval
24,35,4,14.8725,1.3600582095386,train
24,37,4,13.3925,3.40298276026586,train
24,41,5,14.614,0.540212920985791,train
24,42,4,15.13,0.265204323745548,eval
24,47,6,13.4166666666667,1.23498448033433,eval
24,48,5,14.422,1.82900792781223,train
24,51,4,12.27,0.782687677173979,train
24,53,4,15.9775,0.914708514591761,train
24,54,4,13.76,1.85915751529198,train
24,59,5,14.298,2.36509407846707,eval
24,63,6,15.4033333333333,1.99794561153868,train
24,68,5,15.164,2.17015667637155,eval
24,69,4,14.8925,1.74570663820319,train
24,70,4,16.0925,0.801722104805233,eval
24,72,4,12.755,1.16454569110304,eval
24,73,4,16.2275,1.28419559777058,eval
24,75,5,13.486,1.85879799870777,train
24,76,5,15.064,2.43385085820804,train
24,78,4,14.61,1.15241774833029,train
24,79,6,14.5583333333333,2.56274397212571,eval
24,80,4,16.44,2.18029050052204,train
24,81,4,14.1175,2.11641796439172,train
24,83,5,13.99,1.51530524977643,train
24,85,4,13.73,1.93661216217049,train
24,86,4,17.4775,2.53182904899469,eval
24,88,4,14.1,0.564269439186636,train
24,89,4,11.905,2.69003717446432,train
24,91,5,17.748,1.52583419807003,train
24,97,5,12.288,1.74053727337279,train
24,99,4,14.165,1.22121524174351,train
24,102,6,13.56,1.89899973670351,train
24,105,4,14.49,1.48164323191066,eval
24,107,4,14.625,1.54655531208338,train
24,112,4,16.75,1.45739493617894,train
24,113,4,14.29,0.938189746266713,eval
24,114,6,15.4566666666667,1.27275554081162,train
24,115,4,14.99,0.964468765694359,train
24,117,5,14.314,1.04471527221535,train
24,118,5,14.466,1.40361319458033,train
24,119,5,13.472,2.68476628405528,train
24,120,6,15.2816666666667,2.08310745442156,eval
24,123,4,14.4575,1.8997083109432,eval
24,124,5,13.5,0.577148161220323,train
24,126,4,14.965,0.98726896031426,eval
24,127,4,15.69,1.23388276050307,eval
24,128,4,12.36,0.507214615982887,train
24,129,4,13.095,0.828231046669145,train
24,132,5,16.424,1.70835593480984,eval
24,133,4,16.31,0.298328677803526,train
24,134,4,15.0925,2.50089817199075,train
24,136,5,12.094,1.7339780852133,train
24,138,4,15.775,1.99617133533171,train
24,141,5,17.898,1.72163294578142,train
24,146,5,14.144,1.6645359713746,train
24,147,5,15.072,1.31305750064496,train
24,148,5,14.648,1.24431507264037,train
24,150,4,13.9675,1.5504273604397,train
24,152,4,12.79,0.943221430347438,train
24,157,4,14.875,0.999483199792106,train
24,158,4,13.4425,0.680557369612095,train
24,161,4,17.365,1.03061470330413,train
24,164,4,13.06,0.613568795382121,eval
24,167,4,12.7875,0.758304028737814,train
24,180,6,13.54,1.3473826479512,train
24,184,4,15.825,0.300388637157488,train
24,188,5,13.66,2.18605809620879,eval
24,192,5,15.14,0.754287743503764,eval
24,196,4,15.765,0.992152542035079,train
24,199,4,13.2725,1.30466790154941,train
25,1,4,13.13,0.891440781357162,test
25,4,4,14.0225,0.727020173952095,test
25,5,4,12.7375,0.939977836618148,test
25,6,4,13.55,4.28078653209119,test
25,7,5,13.956,1.85045399834743,test
25,9,6,13.7316666666667,1.54217270973995,test
25,10,6,11.9783333333333,1.29044824253694,test
25,11,5,11.714,1.36672235658893,test
25,16,4,12.665,2.03984476533551,test
25,17,5,14.41,2.0654539452624,test
25,20,6,12.6866666666667,0.87669074745127,test
25,21,4,11.29,1.49895519168075,test
25,22,5,10.174,1.05819657909105,test
25,24,4,11.48,0.797161631456674,test
25,25,6,10.89,1.45960268566484,test
25,26,5,10.934,1.35927554233864,test
25,27,4,12.865,0.962167691552085,test
25,28,4,14.5125,2.6078519257555,test
25,29,6,12.165,1.48130685544893,test
25,32,5,12.076,1.4736790695399,test
25,34,7,11.9142857142857,2.23859968985716,test
25,35,6,12.5016666666667,1.79596677771797,test
25,36,5,13.496,0.456924501422281,test
25,37,6,13.7333333333333,0.71659379474474,test
25,38,6,11.9866666666667,1.1935437430889,test
25,40,4,14.125,1.97904859296919,test
25,41,4,12.69,1.15784282180268,test
25,42,5,13.066,0.979913261467565,test
25,43,5,14.278,0.746304227510471,test
25,44,5,14.036,1.27248968561635,test
25,45,6,10.755,1.31720537502699,test
25,46,5,13.664,2.01928947899998,test
25,47,5,12.936,1.59322942478477,test
25,48,5,15.168,1.10913028991187,test
25,49,5,11.602,0.912343137202226,test
25,50,4,15.595,0.816925129168315,test
25,51,4,13.795,1.18494725621017,test
25,52,5,13.2,1.98944715938876,test
25,54,4,13.28,0.458184824424963,test
25,55,5,13.152,1.24294810832955,test
25,56,4,13.8775,1.57675563526291,test
25,57,5,12.002,1.49917310541511,test
25,58,4,13.97,1.93444221073328,test
25,60,4,13.08,2.49475449693953,test
25,63,7,15.7471428571429,1.32342628916655,test
25,64,4,12.7375,3.27035548526456,test
25,65,7,14.5642857142857,1.06406229677993,test
25,67,4,16.5425,2.08453631934458,test
25,69,5,15.118,1.22990650051132,test
25,70,6,14.6416666666667,1.49470286902336,test
25,71,4,13.3475,0.951117763476216,test
25,73,6,13.2783333333333,1.36937090178909,test
25,74,6,12.3283333333333,1.97450162488327,test
25,75,5,12.242,0.94083473575331,test
25,76,4,14.4625,1.90917739703081,test
25,77,5,11.772,0.522082368980221,test
25,79,5,12.592,1.45733318084781,test
25,80,5,12.61,1.01178060863015,test
25,81,6,12.485,1.02099461311018,test
25,82,4,12.115,1.32902219695534,test
25,83,5,12.246,2.65233482049307,test
25,84,5,12.222,3.07116753043529,test
25,85,7,11.5671428571429,0.630124704211113,test
25,87,4,16.39,1.4512753012437,test
25,88,6,14.7066666666667,1.59141027603402,test
25,89,4,15.58,4.66984653566546,test
25,90,4,14.0975,1.47585850721989,test
25,91,6,13.4216666666667,1.42186380032219,test
25,92,6,12.6516666666667,1.83078580578577,test
25,94,4,13.3375,1.20261867051309,test
25,96,5,14.79,1.55793132069421,test
25,102,4,13.3025,1.14657097468931,test
25,104,5,11.776,2.47112929649583,test
25,105,5,16.318,2.08388339405064,test
25,107,4,13.9775,1.23898816244009,test
25,108,5,11.956,0.548206165598309,test
25,109,4,14.56,1.68182440621289,test
25,110,5,13.07,2.6330590574463,test
25,111,4,12.365,0.825853094280898,test
25,112,5,12.234,1.07486278194009,test
25,113,4,13.555,0.784240609337041,test
25,114,5,14.596,1.13403262739658,test
25,115,5,11.534,0.992789000744871,test
25,116,4,11.185,0.284897642437888,test
25,117,5,12.674,1.36880604908073,test
25,118,4,13.7125,1.22140288193536,test
25,119,5,13.056,0.785003184706916,test
25,121,5,12.626,1.77433931366016,test
25,122,5,14.124,0.766994132963219,test
25,123,4,12.965,0.66239464571105,test
25,124,5,13.66,0.826317130404544,test
25,125,4,12.81,1.67552976696924,test
25,126,6,14.4783333333333,2.07614466419531,test
25,128,4,14.255,1.58091745515065,test
25,129,4,14.425,2.35005673690374,test
25,130,4,14.545,0.571693391017714,test
25,131,4,15.51,0.511663952218641,test
25,132,5,13.506,1.71203971916542,test
25,133,5,12.968,1.6976954968427,test
25,135,7,13.1642857142857,1.98448865909968,test
25,136,5,12.558,2.27765669054842,test
25,137,4,12.8275,1.43762245855208,test
25,138,4,12.91,1.27731489200327,test
25,139,7,13.9128571428571,1.46378179482365,test
25,141,4,12.47,0.518266340793997,test
25,142,6,13.9366666666667,1.98342800894478,test
25,143,5,16.064,1.37238114239449,test
25,144,5,14.186,1.42213923368987,test
25,145,5,13.444,1.26044833293555,test
25,147,7,12.98,0.633456128446688,test
25,149,5,14.712,1.83871422466897,test
25,150,5,12.798,0.874939997942716,test
25,151,5,15.646,1.41427720055158,test
25,153,4,14.4875,1.07428658497938,test
25,155,4,11.01,1.74145533008075,test
25,157,4,14.88,1.31941906408338,test
25,158,7,13.6028571428571,1.72255347556773,test
25,159,6,13.5216666666667,1.77154640545109,test
25,160,7,14.3471428571429,1.62618894234049,test
25,162,4,11.8975,1.54402882097453,test
25,163,5,14.832,0.783115572568954,test
25,165,4,15.52,1.4446914318751,test
25,166,6,11.645,2.00951486682731,test
25,167,6,12.7233333333333,0.960513751419867,test
25,168,6,12.4666666666667,0.915721937416958,test
25,171,4,15.1425,1.20825976787554,test
25,172,5,13.482,1.83473976356321,test
25,173,6,15.4066666666667,1.98570558408508,test
25,174,5,14.596,1.09449988579259,test
25,175,4,13.5125,1.53047650531896,test
25,176,4,13.1625,0.718673546658472,test
25,177,6,12.28,1.00341417171575,test
25,179,7,13.0128571428571,1.76900833129482,test
25,180,6,14.155,1.02934445158071,test
25,182,6,13.5466666666667,0.95164419121154,test
25,183,4,11.755,1.44981608028973,test
25,184,5,12.204,1.23356394240428,test
25,186,4,11.3975,0.746296411175434,test
25,187,5,12.528,0.836970728281462,test
25,188,4,12.99,1.06273232754067,test
25,189,5,14.536,0.85655122438766,test
25,190,5,12.252,2.13272595520381,test
25,191,5,12.71,1.42753283675017,test
25,192,4,14.0525,0.581399174406019,test
25,193,5,15.546,1.3315517263704,test
25,194,4,13.1825,1.88909810932801,test
25,195,4,11.6975,1.92035370005979,test
25,196,4,13.87,1.53260127452207,test
25,198,4,12.6125,1.64315499370368,test
25,199,5,12.466,1.14744498778809,test
25,200,6,14.8083333333333,1.78983146320168,test
26,2,6,14.6183333333333,1.51371617771188,train
26,3,6,15.3433333333333,1.04199168262835,eval
26,4,4,16.2475,0.344710023062863,eval
26,5,4,16.6375,0.856791495444875,train
26,6,4,13.9325,1.62936337260907,train
26,9,4,15.42,1.72493478137581,eval
26,10,4,14.595,1.91696809224011,train
26,11,4,15.165,0.959878464529061,eval
26,12,5,13.002,1.17506170050768,eval
26,14,5,12.748,2.12868973784345,train
26,15,4,14.3,1.33568958469648,train
26,18,4,15.7075,1.21724757821351,train
26,19,4,16.9825,2.29534855740909,train
26,20,5,15.054,1.00143896469031,train
26,21,5,16.012,2.51066126747516,eval
26,23,4,16.965,0.854185772144054,eval
26,24,4,15.225,0.344915448576411,eval
26,25,4,13.64,2.51201114647209,train
26,26,5,15.156,2.21718966261346,train
26,27,5,15.168,2.99587549808065,train
26,28,6,15.8716666666667,1.24735587009749,eval
26,29,6,12.9933333333333,1.30849022413875,train
26,30,5,16.762,2.28261253829904,train
26,32,6,16.1733333333333,0.825364565914158,train
26,33,5,14.602,1.09853083707286,eval
26,35,5,14.222,1.19179276722088,train
26,37,6,13.0566666666667,1.7425689847655,train
26,40,5,13.216,1.39732959605098,eval
26,41,5,14.506,1.25758896305589,eval
26,42,6,15.8616666666667,1.47091014908004,eval
26,43,5,14.758,0.859924415283111,train
26,44,6,14.5866666666667,1.90426538766703,train
26,46,5,13.816,2.00807868371735,eval
26,47,4,16.315,1.30625418659616,train
26,49,4,14.415,1.94786207588388,eval
26,50,4,15.2075,3.34324567847872,eval
26,53,4,14.7625,1.52202441942741,eval
26,54,4,14.105,1.33247889289099,train
26,55,5,14.99,0.780672786767926,eval
26,56,6,14.0716666666667,2.26579272367679,eval
26,57,4,12.26,1.44187378088375,train
26,59,5,17.066,1.19433244952986,train
26,61,5,14.048,2.20086801058128,train
26,62,6,15.6283333333333,1.34762630824226,train
26,63,4,16.2975,0.90422618851701,eval
26,66,4,14.7,0.37841775856849,eval
26,67,5,14.128,1.27869855712752,eval
26,68,4,15.625,1.1279627653429,eval
26,69,4,15.9675,1.61497936003323,train
26,70,4,15.455,1.35071585958459,train
26,71,6,13.5566666666667,1.02120843448665,train
26,74,6,14.7266666666667,1.53514385862259,train
26,75,6,14.0,1.71297402198632,eval
26,77,5,12.086,1.69249224518164,eval
26,78,4,14.3175,3.82939834264688,train
26,79,5,14.35,1.62749807987598,train
26,80,6,13.185,1.27609952589914,train
26,81,6,14.6816666666667,2.30198537498974,train
26,84,6,14.265,2.09003110024708,train
26,86,5,15.016,2.34283588840533,eval
26,87,5,15.734,1.71344098235101,eval
26,88,5,15.944,0.904892258780016,train
26,90,4,13.735,2.28538107690308,eval
26,92,5,14.792,2.21885556086916,eval
26,93,6,14.5616666666667,0.992117264574439,train
26,95,5,15.832,1.5350309443135,eval
26,96,5,14.05,2.338108209643,eval
26,97,5,12.612,2.58378985213581,train
26,99,4,15.065,1.68610992128825,train
26,100,6,14.9866666666667,1.20071090053629,eval
26,102,6,13.75,0.71187077478992,eval
26,103,4,14.1225,0.498689950436808,eval
26,105,4,16.2675,1.95961518331193,train
26,107,5,13.254,1.03258413700773,train
26,108,4,13.8825,2.79498807391612,eval
26,109,6,14.2366666666667,2.27181572022615,eval
26,110,6,13.565,1.99679493188459,eval
26,111,4,15.5475,3.23916012776975,eval
26,113,5,16.012,1.09691385258825,train
26,114,5,15.054,1.31328976239062,eval
26,116,5,13.518,1.2203360192996,train
26,117,6,15.43,1.35097002187317,eval
26,118,5,13.19,1.17458503310744,eval
26,119,5,16.5,2.25447333095781,eval
26,121,4,13.45,1.999799989999,eval
26,122,4,15.53,0.643997929603297,train
26,123,4,11.4025,1.56192989599406,train
26,125,6,15.5883333333333,2.09401448578243,train
26,126,5,14.608,1.40629655478494,eval
26,127,5,12.606,2.17700022967385,train
26,129,4,14.87,1.85590948055125,train
26,131,4,15.0725,1.46089869600873,train
26,132,5,13.284,1.25374638583726,eval
26,134,5,14.296,1.31631303267878,eval
26,135,4,15.77,1.54611340679352,eval
26,137,4,14.8,1.03624321469431,eval
26,139,6,15.49,2.03570135334238,eval
26,140,5,14.188,1.08959625550017,eval
26,141,5,14.084,1.72688447789654,eval
26,142,6,13.8266666666667,1.71112438667289,train
26,143,6,15.135,1.60571168022158,eval
26,144,6,14.91,0.678822509939086,train
26,146,6,14.2766666666667,1.28725547839839,eval
26,148,4,16.3475,2.26777975121042,eval
26,149,4,15.05,0.827365296186233,eval
26,150,5,15.802,1.09928158358084,train
26,151,6,15.75,1.24994399874554,eval
26,153,5,13.96,1.1979774622254,train
26,155,5,14.966,1.9593315186563,train
26,156,5,13.818,2.34936587188969,train
26,157,5,12.568,1.28674783854491,train
26,158,5,16.494,1.47266085708828,train
26,162,4,14.735,2.09192893442073,eval
26,163,5,15.056,2.43930932847804,eval
26,164,6,12.5266666666667,1.08547992458021,eval
26,165,6,14.1266666666667,1.44006481335621,train
26,167,4,16.0875,1.6705962009614,train
26,168,6,15.9483333333333,1.33999129350405,train
26,169,4,13.585,2.1872737978284,train
26,170,4,13.8925,0.953008394506575,train
26,171,5,13.522,0.849982352757985,eval
26,172,6,17.1966666666667,2.06664623645816,train
26,173,5,14.726,1.34006716249597,train
26,174,6,13.325,1.16640901916952,train
26,175,4,13.135,1.14147565312041,train
26,176,4,13.2475,1.93293171115795,eval
26,177,7,15.7371428571429,1.39002055483261,eval
26,178,4,17.53,0.594362403476758,eval
26,179,5,15.656,0.982512086439652,eval
26,180,6,15.0933333333333,1.83405198036115,train
26,182,5,16.692,1.16123641003889,train
26,183,7,14.53,1.32228337860435,train
26,184,5,16.06,2.14180998223465,eval
26,188,6,14.2083333333333,1.23248394174799,eval
26,189,7,14.9928571428571,1.34680751267227,train
26,191,5,13.766,1.65081192144956,eval
26,194,4,14.455,1.83741666477694,eval
26,198,6,14.7783333333333,1.15501370843236,eval
